sc_bot_a_264,2a00:1450:4028:80a::2003,443,2a06:c701:7540:db00:fc7a:d02f:72a8:54d3,62240,TCP,1786360095.986744700,16,0.000000,0.005412,0.066167,0.066172,0.066174,0.066175,0.067799,0.074182,0.160279,0.160280,0.160281,0.160282,0.169118,0.169120,0.169121,0.177963,,72,60,1280,1280,1280,529,1280,1280,60,60,1020,91,586,132,99,60
sc_bot_a_264,2a00:1450:4001:c21::54,443,2a06:c701:7540:db00:fc7a:d02f:72a8:54d3,62241,TCP,1786360096.132979300,9,0.000000,0.071413,0.071414,0.075685,0.077636,0.077643,0.077646,0.077648,0.077650,,72,60,60,60,1280,1280,1280,477,60
sc_bot_a_264,2a00:1450:4001:c21::54,443,2a06:c701:7540:db00:fc7a:d02f:72a8:54d3,62242,TCP,1786360096.202379400,15,0.000000,0.058049,0.066160,0.066163,0.066166,0.066168,0.130180,0.130182,0.165159,0.165160,0.165161,0.192212,0.224238,45.299580,45.705195,,72,60,1280,1280,1280,478,1028,91,1280,301,130,60,60,72,60
sc_bot_a_264,13.224.245.5,443,10.0.0.8,62245,TCP,1786360096.388704700,17,0.000000,0.007879,0.007880,0.009974,0.009977,0.009980,0.009982,0.009983,0.017936,0.017938,0.017939,0.019880,0.019881,0.024562,0.031923,45.044438,45.433606,,52,40,40,1480,1480,1480,1480,405,40,219,102,40,71,536,40,52,40
sc_bot_a_264,52.84.150.52,443,10.0.0.8,62246,TCP,1786360096.501036200,260,0.000000,0.060959,0.060963,0.060964,0.060967,0.061884,0.061884,0.122176,0.122177,0.122178,0.122179,0.170356,0.179813,0.282359,0.282367,0.282369,0.284088,0.284091,0.284092,0.284094,0.286014,0.286015,0.289065,0.289067,0.290042,0.290043,0.290044,0.290048,0.292001,0.292005,0.294074,0.294076,0.295978,0.295980,1.987798,2.028235,2.028237,2.342136,2.364593,2.364598,2.364600,2.364601,2.366122,2.594485,2.594487,2.594491,2.594492,2.596398,2.596399,2.598470,2.598474,2.598476,2.598477,2.600611,2.600613,2.602961,2.602962,2.604546,2.604548,2.606405,2.606407,2.608478,2.608480,2.608481,2.608485,2.610420,2.610422,2.612601,2.612603,2.614442,2.614447,2.616473,2.616475,2.616476,2.616481,2.619002,2.619005,2.621010,2.621013,2.622533,2.622536,2.624478,2.624480,2.626469,2.626471,2.626473,2.626474,2.628423,2.628425,2.630476,2.630478,2.632406,2.632408,2.634424,2.653714,2.653716,2.653717,2.653718,2.654763,2.654764,2.656442,2.656444,2.658529,2.658531,2.660511,2.660517,2.660518,2.660520,2.662737,2.662739,2.664472,2.664474,2.666471,2.666474,2.672084,2.672086,2.672088,2.672089,2.672812,2.672818,2.672984,2.672986,2.675325,2.675327,2.677309,2.677311,2.678643,2.678648,2.678651,2.678654,2.680608,2.680609,2.683156,2.683158,2.684459,2.684460,2.686932,2.686934,2.686936,2.686937,2.688583,2.688592,2.690617,2.690618,2.692652,2.692654,2.692656,2.694982,2.694984,2.694986,2.694990,2.696702,2.696704,2.698623,2.698625,2.698626,2.698628,2.700677,2.700679,2.703410,2.703412,2.703413,2.703415,2.704546,2.704548,2.706623,2.706625,2.706627,2.706628,2.708509,2.708511,2.710551,2.710553,2.710554,2.710556,2.712526,2.712528,2.714671,2.714676,2.714679,2.714680,2.716630,2.716633,2.716634,2.716635,2.716637,2.716638,2.718594,2.718597,2.718598,2.718600,2.720623,2.720629,2.720631,2.720632,2.720639,2.723349,2.723352,2.723353,2.723354,2.723356,2.723357,2.724884,2.724886,2.724888,2.724889,2.730713,2.730719,2.730721,2.730723,2.730724,2.730725,2.732596,2.732598,2.732599,2.732601,2.734530,2.734532,2.736605,2.736607,2.736609,2.736610,2.738741,2.738746,2.740546,2.740548,2.742605,2.742607,2.744697,2.744699,2.744706,2.744709,2.746685,2.746687,2.748552,2.748554,2.750668,2.750671,2.750674,2.750692,2.752569,2.752571,2.754705,2.754707,2.754708,2.754710,2.756614,2.756616,2.756617,2.756618,2.758560,2.758562,2.760624,2.760626,2.760627,2.760629,5.077542,5.077546,5.190162,45.370628,,52,40,1480,1480,1480,1480,200,40,40,219,111,40,40,1079,1480,1480,1480,1480,1480,1480,1480,1050,1480,1480,1480,221,1480,1480,1480,1480,1480,1480,1480,106,40,646,71,40,1480,1480,1480,1480,507,1480,1480,1480,1480,1480,1480,1480,1480,1480,1480,1480,1480,1480,1480,1480,1480,1480,1480,1480,1480,1480,1480,1480,1480,1480,1480,1480,1480,1480,1480,1480,1480,1480,1480,1480,1480,1480,1480,1480,1480,1480,1480,1480,1480,1480,1480,1480,1480,1480,1480,1480,1480,1480,1480,1480,1480,1480,1480,1480,1480,1480,1480,1480,1480,1480,1480,1480,1480,1480,1480,1480,1480,1480,1480,1480,1480,1480,1480,1480,1480,1480,1480,1480,1480,1480,1480,1480,1480,1480,1480,1480,1480,1480,1480,1480,1480,1480,1480,1480,1480,1480,1480,1480,1480,1480,1480,1480,1480,1480,1480,1480,1480,1480,1480,1480,1480,1480,1480,1480,1480,1480,1480,1480,1480,1480,1480,1480,1480,1480,1480,1480,1480,1480,1480,1480,1480,1480,1480,1480,1480,1480,1480,1480,1480,1480,1480,1480,1480,1480,1480,1480,1480,1352,1480,1480,1480,1480,1480,1480,1480,1480,1480,1480,1480,1480,1480,1480,1480,1480,1480,1480,1480,1480,1480,1480,1480,1480,1480,1480,1480,1480,1480,1480,1480,1480,1480,1480,1480,1480,1480,1480,1480,1480,1480,168,1480,1352,1480,1480,1480,1480,1480,1480,1480,1480,1480,1480,1480,1480,1480,1480,1480,1445,646,71,40,40
sc_bot_a_264,13.224.245.15,443,10.0.0.8,62247,TCP,1786360096.825409100,86,0.000000,0.010348,0.010353,0.010354,0.010357,0.010359,0.025646,0.025647,0.025648,0.028061,0.028063,0.028064,0.028067,0.028070,0.028073,0.028074,0.028078,0.028080,0.028082,0.028084,0.028086,0.028088,0.028089,0.028090,0.028093,0.028557,0.028558,0.028559,0.028561,0.028563,0.028564,0.028565,0.030394,0.030397,0.030400,0.030402,0.032032,0.032033,0.032035,0.032037,0.034033,0.034035,0.034037,0.034042,0.034044,0.034045,0.034046,0.034048,0.036388,0.036389,0.036390,0.036393,5.275733,5.275735,5.275736,5.275737,5.275738,5.275739,5.275740,5.275741,5.275742,5.275743,5.275744,5.275747,5.277467,5.277468,5.277469,5.277470,5.277471,5.277472,5.277473,5.277474,5.277475,5.277475,5.277476,5.277479,5.277480,5.277481,5.277482,5.277482,5.279784,5.279785,5.279786,5.279788,5.345240,44.996904,,52,40,1480,1480,1480,584,40,219,111,1480,1480,1480,1480,1480,1480,1480,1480,1480,1480,1480,1480,1480,1480,606,1480,1480,1480,1480,1480,1480,1480,1480,1480,1480,1480,1480,1480,1480,1480,1480,473,1480,1480,1480,1480,1480,1480,1480,1480,1480,1480,1480,1480,1480,1480,1480,1480,1480,1480,1480,1480,1480,1480,606,1480,1480,1480,1480,1480,1480,1480,1480,1480,1480,1480,606,1480,1480,1480,1480,1480,1480,1480,1348,40,40
sc_bot_a_264,3.169.64.102,443,10.0.0.8,62248,TCP,1786360096.835755300,172,0.000000,0.007378,0.007386,0.007388,0.007389,0.010168,0.010170,0.020056,0.020057,0.020057,0.020058,0.020059,0.020064,0.020065,0.020066,0.020069,0.020071,0.020074,0.020077,0.021679,0.021681,0.021682,0.021684,0.021685,0.021692,0.021694,0.021696,0.021699,0.021701,0.021702,0.021705,0.022012,0.022014,0.022015,0.022019,0.022020,0.022022,0.023680,0.023683,0.023684,0.026048,0.026050,0.026051,0.026052,0.026056,0.026057,0.026058,0.026063,0.026064,0.026066,0.026069,0.026071,0.026073,0.026074,0.028677,0.028679,0.028680,0.028683,0.028684,0.028685,0.028687,0.028688,0.028690,0.028692,0.028693,0.028697,0.028699,0.028700,0.028703,0.028706,0.028707,0.028709,0.029826,0.029830,0.029832,0.029833,0.029836,0.029840,0.029843,0.029847,0.029849,0.029851,0.031803,0.031808,0.031811,0.031812,0.031816,0.031818,0.031820,0.031823,0.031825,0.031827,0.031828,0.031832,0.031834,0.031835,0.031837,0.031839,0.031841,0.031842,0.036664,0.036670,0.036672,0.036677,0.036681,0.036684,0.036687,0.036689,0.036693,0.036696,0.036698,0.036707,0.036710,0.036713,0.036718,0.036723,0.036725,0.036727,0.036733,0.036738,0.036741,0.036743,0.036749,0.036751,0.036757,0.036759,0.036762,0.036764,0.036767,0.036770,0.037727,0.037728,0.037732,0.037734,0.037736,0.037740,0.037742,0.037746,0.037748,0.037750,0.037751,0.037754,0.037756,0.037758,0.037759,0.037760,0.038558,0.038560,0.038562,0.038565,0.038566,0.038568,0.038570,0.038571,0.038573,0.038575,0.038578,0.038583,0.038585,0.038587,0.038591,0.038594,0.039555,0.039556,0.039557,0.039560,0.039563,0.039564,0.039566,0.039567,0.039568,44.986558,,52,40,1480,1480,1480,1480,195,40,40,40,219,111,1480,1480,1480,1480,1480,1480,1480,1480,1480,1480,1480,606,1480,1480,1480,1480,1480,1480,1480,1480,1480,1480,1480,1480,1480,1480,1480,1480,1480,1480,1480,1480,1480,1480,1480,1480,1480,1480,1480,1480,1480,1480,1480,1480,1480,1480,1480,1480,1480,1480,1480,1480,1480,1480,1480,1480,1480,1480,1480,1480,1480,1480,1480,1480,1480,1480,1480,1480,1480,1480,1480,1480,1480,1480,1480,1480,1480,1480,1480,1480,1480,1480,1480,1480,1480,1480,1480,1480,1480,1480,1480,1480,1480,1480,1480,1480,1480,1480,1480,1480,1480,1480,1480,1480,1480,1480,1480,1480,1480,1480,1480,1480,1480,1480,1480,1480,1480,1480,1480,1480,1480,1480,1480,1480,1480,1480,1480,1480,1480,1480,1480,1480,1480,1480,1480,1480,1480,1480,1480,1480,1480,1480,1480,1480,1480,1480,1480,1480,1480,1480,1480,1352,1480,1480,1480,1480,1480,1480,1353,40
sc_bot_a_264,2606:4700::6812:562a,443,2a06:c701:7540:db00:fc7a:d02f:72a8:54d3,62249,TCP,1786360096.839443600,171,0.000000,0.005574,0.007647,0.007647,0.007649,0.015806,0.015808,0.021642,0.031830,0.031832,0.031834,0.031835,0.031836,0.031837,0.031839,0.031840,0.032053,0.032055,0.032056,0.032059,0.032060,0.032061,0.032062,1.221224,1.221232,1.221233,1.221236,1.221238,1.221240,1.221242,1.221244,1.221247,1.221248,1.221250,1.221865,1.221867,1.221870,1.221872,1.221874,1.221876,1.221878,1.221881,1.221883,1.221885,1.221886,1.221889,1.221894,1.221896,1.221897,1.221900,1.221901,1.221903,1.221905,1.221907,1.221909,1.221911,1.221913,1.221915,1.221917,1.221919,1.221921,1.221922,1.221924,1.223150,1.223152,1.223154,1.223156,1.223159,1.223160,1.223162,1.223164,1.223707,1.223730,1.223732,1.223739,1.223748,1.223750,1.223752,1.223754,1.223756,1.223758,1.223760,1.223763,1.223765,1.223767,1.223769,1.223771,1.223773,1.223775,1.223776,1.223779,1.223781,1.223783,1.225534,1.225538,1.225539,1.225542,1.225543,1.225546,1.225549,1.225550,1.225553,1.225555,1.225557,1.225561,1.225563,1.225566,1.225567,1.225569,1.225571,1.225573,1.225575,1.225577,1.225579,1.225582,1.227371,1.227374,1.227376,1.227378,1.227380,1.227382,1.227383,1.227385,1.227387,1.227389,1.227391,1.227395,1.227397,4.078934,4.078936,4.078937,4.078939,4.078941,4.078942,4.078944,4.078948,4.078950,4.078952,4.078954,4.078955,4.078957,4.078958,4.078960,4.078962,4.078964,4.078966,6.288211,6.294270,6.294271,6.294272,6.294273,6.294274,6.294275,6.294276,6.295066,6.295068,6.295069,6.295071,6.295076,6.295078,6.295079,6.295080,6.295082,6.295083,6.295085,6.295086,6.295088,6.295090,6.295091,6.344142,44.980234,,72,60,1420,600,1420,572,91,60,712,1420,91,1420,1420,122,1420,1420,1420,1420,184,1420,1420,104,91,390,1420,91,1420,1420,122,1420,1420,1420,1420,184,1420,1420,1420,1420,1420,215,1420,1420,1420,1420,1420,1420,1420,1420,1420,1420,370,1420,1420,1420,1420,1420,1420,1420,1420,1420,1420,1420,557,1420,1420,1420,1420,1420,1420,1420,1420,1420,1420,1420,1420,1420,1420,1420,1420,1420,1420,1420,1420,1420,1420,1420,1420,1420,1420,1420,1420,1420,1420,1420,1420,1420,1420,1420,1420,1420,1420,1420,1420,1420,1420,1420,1420,1420,1420,1420,1420,1420,1420,1420,1420,1420,1420,1420,1420,1420,1420,1420,1420,1420,1420,1420,1420,1079,250,1420,1420,1420,231,1420,1420,1420,231,1420,1420,1420,1420,1420,1420,402,1176,91,60,370,1420,1420,1420,231,1420,1420,1420,1420,1420,1420,145,1420,1420,1420,1420,1420,305,193,1420,1204,91,60,60
sc_bot_a_264,13.224.245.13,443,10.0.0.8,62250,TCP,1786360096.885375000,58,0.000000,0.007944,0.007958,0.007963,0.007970,0.007979,0.007982,0.017812,0.020078,0.020079,0.024370,0.024386,0.024387,0.024393,0.024400,0.024405,0.024420,0.024427,0.024434,0.024447,0.024455,0.024460,0.026232,0.026233,0.026236,0.026239,0.026245,0.026246,0.081682,0.110298,0.113267,0.113270,0.113274,0.113277,0.113280,0.113282,0.113286,2.685354,2.685358,2.685361,2.685364,2.685366,2.685368,2.685371,2.685373,3.752302,3.752313,13.892236,13.892237,13.892238,13.892239,13.892240,13.898186,13.898189,13.898190,13.898197,13.946472,44.936937,,52,40,1480,1480,1480,1480,195,40,219,102,71,1480,1480,1480,1480,1480,1480,1480,1480,1480,1480,1480,1480,1480,1480,1480,1480,507,40,40,1480,1480,1480,1480,1480,1480,741,1480,1480,1480,173,1480,1480,1480,1157,1480,249,1480,1480,1480,528,79,1480,1480,1480,1359,40,40
sc_bot_a_264,13.224.245.13,443,10.0.0.8,62251,TCP,1786360096.885376000,1196,0.000000,0.007983,0.007985,0.010094,0.010100,0.010103,0.010108,0.010109,0.020080,0.020080,0.020081,0.026220,0.026222,0.026245,0.026248,0.026251,0.026253,0.026255,0.026257,0.026262,0.026263,0.026266,0.026268,0.026270,0.026272,0.026780,0.026783,0.026784,0.026787,0.026789,0.026790,0.026790,0.026791,0.026791,0.026793,0.026796,0.026798,0.026799,0.026801,0.026803,0.026805,0.026808,0.026809,0.026812,0.026816,0.028196,0.028198,0.028200,0.028202,0.028203,0.032292,0.032295,0.032298,0.032302,0.032304,0.032307,0.032314,0.032318,0.032320,0.032327,0.032329,0.032331,0.032337,0.032339,0.032341,0.032343,0.032899,0.032904,0.032906,0.032911,0.032914,0.032916,0.034493,0.034495,0.034497,0.034502,0.034506,0.034508,0.034510,0.034513,0.034515,0.034517,0.034519,0.034524,0.034526,0.034528,0.034530,0.034533,0.034535,0.034538,0.034540,0.034542,0.034545,0.034547,0.036934,0.036936,0.036939,0.036944,0.036946,0.036948,0.036951,0.036953,0.036962,0.036965,0.036967,0.036975,0.036978,0.036980,0.036986,0.036988,0.036990,0.036992,0.036995,0.036998,0.038568,0.038570,0.038572,0.038576,0.038579,0.038581,0.038583,0.038585,0.038590,0.038592,0.038594,0.038601,0.038604,0.038606,0.038611,0.038613,0.038616,0.038618,0.038624,0.038626,0.038628,0.038631,0.038634,0.038636,0.038638,0.038641,0.040207,0.040210,0.040212,0.040215,0.040217,0.040219,0.040222,0.040224,0.040227,0.040229,0.040231,0.040252,0.040255,0.040257,0.040260,0.040266,0.042261,0.042264,0.042266,0.042273,0.042279,0.042282,0.042285,0.042287,0.042293,0.042295,0.042298,0.042304,0.042307,0.042310,0.042314,0.042317,0.042763,0.042766,0.042768,0.042771,0.042775,0.042776,0.042779,0.042781,0.042783,0.042785,0.042788,0.042790,0.042793,0.044208,0.044210,0.044212,0.044216,0.044218,0.044220,0.044223,0.044225,0.044229,0.044231,0.044234,0.044240,0.044243,0.044245,0.044249,0.044251,0.044615,0.044622,0.044625,0.044628,0.044630,0.046260,0.046264,0.046266,0.046269,0.046271,0.046274,0.046276,0.046279,0.046281,0.046283,0.046285,0.046290,0.046293,0.046296,0.046299,0.046302,0.047002,0.047005,0.047006,0.047011,0.047013,0.047015,0.047018,0.047020,0.047021,0.047026,0.047027,0.047029,0.047032,0.047036,0.047039,0.047041,0.047045,0.047047,0.047050,0.047052,0.047055,0.047057,0.047059,0.047062,0.047067,0.047070,0.047073,0.048453,0.048456,0.048458,0.048462,0.048464,0.048466,0.048469,0.048471,0.048475,0.048477,0.048479,0.048485,0.048488,0.048490,0.048496,0.048498,0.050203,0.050206,0.050210,0.050213,0.050218,0.050221,0.050224,0.050226,0.050228,0.050231,0.050234,0.050240,0.050242,0.050245,0.050247,0.050254,0.051910,0.051913,0.051915,0.051920,0.051924,0.051926,0.051929,0.051931,0.051936,0.051939,0.051941,0.051950,0.051953,0.051955,0.051960,0.051963,0.051966,0.051969,0.051971,0.051973,0.051976,0.051979,0.051982,0.051985,0.051988,0.051992,0.051996,0.051998,0.052002,0.052004,0.052010,0.052012,0.052644,0.052646,0.052647,0.052652,0.052654,0.052657,0.052660,0.052662,0.052666,0.052668,0.052671,0.052677,0.052680,0.052682,0.052686,0.052689,0.053062,0.053066,0.053068,0.053071,0.053073,0.053076,0.053079,0.053081,0.053084,0.053086,0.053089,0.053094,0.053460,0.053462,0.053464,0.053468,0.053470,0.053472,0.053475,0.053476,0.053481,0.053483,0.053485,0.053489,0.053492,0.053505,0.053509,0.053511,0.056004,0.056007,0.056009,0.056011,0.056012,0.056014,0.056016,0.056018,0.056020,0.056024,0.056026,0.056030,0.056033,0.056035,0.056037,0.056039,0.056042,0.056045,0.056047,0.056049,0.056052,0.056054,0.056057,0.056059,0.056061,0.056064,0.056066,0.056068,0.056071,0.056074,0.056077,0.056080,0.056669,0.056671,0.056672,0.056674,0.056679,0.056681,0.056683,0.056685,0.056688,0.056692,0.056694,0.056700,0.056705,0.056708,0.056710,0.056715,0.056718,0.056721,0.056724,0.056726,0.056729,0.056732,0.056735,0.056738,0.056745,0.056749,0.056753,0.056756,0.056758,0.056762,0.056768,0.056771,0.057384,0.057387,0.057388,0.057393,0.057395,0.057397,0.057399,0.057401,0.057404,0.057406,0.057409,0.057415,0.057418,0.057420,0.057423,0.057426,0.057428,0.057432,0.057434,0.057436,0.057438,0.057442,0.057445,0.057448,0.057451,0.057453,0.057455,0.057458,0.057460,0.057463,0.057465,0.057468,0.057974,0.057978,0.057980,0.058275,0.058278,0.058280,0.058282,0.058284,0.058288,0.058291,0.058293,0.058297,0.058300,0.058302,0.058311,0.058314,0.058316,0.058319,0.058322,0.058744,0.058747,0.058749,0.058751,0.058754,0.058756,0.058759,0.058762,0.058765,0.058767,0.058770,0.058775,0.058778,0.058782,0.058785,0.058788,0.058790,0.058793,0.058795,0.058798,0.058800,0.058802,0.058806,0.059209,0.059212,0.059214,0.059218,0.059220,0.059222,0.059224,0.059227,0.059231,0.059233,0.059235,0.059243,0.059246,0.059247,0.059256,0.059259,0.059680,0.059683,0.059685,0.059690,0.059692,0.059695,0.059697,0.059699,0.059703,0.059705,0.059709,0.059719,0.059722,0.059724,0.059727,0.059729,0.059732,0.059734,0.059738,0.059740,0.059743,0.059746,0.059749,0.059750,0.059753,0.059757,0.059760,0.059762,0.059765,0.059769,0.059772,0.059776,0.060442,0.060647,0.060651,0.060654,0.060656,0.064319,0.064321,0.064323,0.064328,0.064330,0.064332,0.064335,0.064337,0.064341,0.064344,0.064346,0.064353,0.064356,0.064358,0.064363,0.064367,0.065565,0.065568,0.065570,0.065574,0.065576,0.065578,0.065580,0.065582,0.065584,0.065587,0.065590,0.065595,0.065597,0.065599,0.065601,0.065604,0.065606,0.065608,0.065610,0.065613,0.065615,0.065618,0.065620,0.065623,0.065625,0.065628,0.065630,0.065633,0.065636,0.065639,0.065642,0.065646,0.066099,0.066101,0.066102,0.066106,0.066109,0.066111,0.066113,0.066115,0.066119,0.066121,0.066123,0.066128,0.066131,0.066133,0.066137,0.066139,0.067288,0.067290,0.067292,0.067294,0.067296,0.067298,0.067300,0.067303,0.067305,0.067308,0.067311,0.067315,0.067318,0.067320,0.067322,0.067324,0.067327,0.067329,0.067332,0.067334,0.067337,0.067339,0.067341,0.067345,0.067348,0.067350,0.067356,0.067362,0.067366,0.067371,0.067374,0.067377,0.067781,0.067783,0.067784,0.067787,0.067789,0.067791,0.067793,0.067795,0.067798,0.067800,0.067802,0.067807,0.067809,0.067811,0.067816,0.067818,0.067820,0.067823,0.067826,0.067828,0.067830,0.067834,0.067837,0.067840,0.067844,0.067847,0.067851,0.067853,0.067856,0.067859,0.067861,0.067867,0.069410,0.069414,0.069419,0.069426,0.069432,0.069437,0.069444,0.069449,0.069455,0.069462,0.069468,0.069480,0.069487,0.069493,0.069501,0.069506,0.069514,0.069531,0.069543,0.069551,0.069557,0.069564,0.069577,0.069579,0.069582,0.069584,0.069586,0.069588,0.069591,0.069593,0.069595,0.069598,0.070088,0.070090,0.070092,0.070095,0.070097,0.070099,0.070101,0.070103,0.070106,0.070108,0.070110,0.070116,0.070119,0.070121,0.070125,0.070128,0.070130,0.070133,0.070135,0.070138,0.070141,0.070142,0.070146,0.070148,0.070150,0.070152,0.070155,0.070157,0.070160,0.070162,0.070165,0.070168,0.070774,0.070776,0.070778,0.070784,0.070786,0.070789,0.070791,0.070794,0.070796,0.070799,0.070801,0.070807,0.070809,0.070812,0.070814,0.070817,0.070820,0.070822,0.070825,0.070827,0.070831,0.070832,0.070835,0.070837,0.070840,0.070842,0.070845,0.070848,0.070852,0.070855,0.070858,0.070862,0.071632,0.071640,0.071644,0.071647,0.071655,0.071658,0.071668,0.071673,0.071681,0.071692,0.071702,0.071713,0.071724,0.071729,0.071736,0.071748,0.074340,0.074342,0.074344,0.074348,0.074352,0.074355,0.074358,0.074360,0.074362,0.074365,0.074368,0.074373,0.074376,0.074378,0.074381,0.074383,0.074386,0.074388,0.074391,0.074393,0.074395,0.074398,0.074401,0.074404,0.074406,0.074409,0.074412,0.074416,0.074420,0.074424,0.074427,0.074430,0.074947,0.074949,0.074951,0.074954,0.074956,0.074958,0.074961,0.074962,0.074965,0.074967,0.074969,0.074975,0.074978,0.074980,0.074985,0.074987,0.074989,0.074991,0.074994,0.074998,0.075002,0.075005,0.075008,0.075012,0.075014,0.075017,0.075020,0.075023,0.075026,0.075028,0.075033,0.075035,0.075532,0.075534,0.075536,0.075539,0.075541,0.075543,0.075545,0.075547,0.075549,0.075551,0.075554,0.075560,0.075562,0.075564,0.075569,0.075571,0.075574,0.075576,0.075578,0.075581,0.075584,0.075586,0.075589,0.075591,0.075594,0.075596,0.075598,0.075601,0.075604,0.075606,0.075609,0.075615,0.076526,0.076528,0.076529,0.076532,0.076534,0.076536,0.076538,0.076540,0.076542,0.076544,0.076546,0.076551,0.076554,0.076556,0.076559,0.076561,0.076564,0.076566,0.076568,0.076575,0.076580,0.076582,0.076586,0.076588,0.076591,0.076593,0.076597,0.076600,0.076602,0.076606,0.076609,0.076612,0.077012,0.077014,0.077016,0.077018,0.077346,0.077350,0.077354,0.077358,0.077362,0.077366,0.077370,0.077378,0.077382,0.077386,0.077393,0.077396,0.077400,0.077408,0.077412,0.077418,0.077422,0.077430,0.077435,0.077440,0.077444,0.077451,0.077454,0.077460,0.077467,0.077470,0.077474,0.077481,0.078323,0.078326,0.078328,0.078331,0.078333,0.078335,0.078337,0.078339,0.078342,0.078344,0.078346,0.078351,0.078353,0.078355,0.078359,0.078362,0.078364,0.078366,0.078369,0.078373,0.078376,0.078378,0.078381,0.078384,0.078389,0.078392,0.078396,0.078399,0.078402,0.078406,0.078409,0.078411,0.078800,0.078802,0.078804,0.078807,0.078809,0.078811,0.078813,0.078815,0.078818,0.078820,0.078822,0.078826,0.078829,0.078831,0.078834,0.078837,0.078839,0.078844,0.078846,0.078849,0.078851,0.078854,0.078858,0.078861,0.078864,0.078866,0.078870,0.078872,0.078876,0.078882,0.078885,0.078887,0.079304,0.079306,0.079308,0.079310,0.079313,0.079315,0.079316,0.079318,0.079321,0.079323,0.079325,0.079330,0.079332,0.079334,0.079337,0.079339,0.079344,0.079346,0.079348,0.079350,0.079353,0.079356,0.079359,0.079364,0.079367,0.079370,0.079372,0.079375,0.079379,0.079381,0.079384,0.079386,0.079812,0.079813,0.079815,0.079817,0.080237,0.080239,0.080242,0.080244,0.080246,0.080249,0.080251,0.080256,0.080258,0.080260,0.080264,0.080266,0.080269,0.080271,0.080273,0.080276,0.080278,0.080281,0.080283,0.080285,0.080290,0.080293,0.080296,0.080299,0.080303,0.080306,0.080311,0.080313,0.080316,0.080319,0.080325,0.080327,0.080809,0.080811,0.080812,0.080815,0.080817,0.080819,0.080821,0.080823,0.080825,0.080827,0.080829,0.080835,0.080837,0.080839,0.080842,0.080844,0.080847,0.080849,0.080854,0.080856,0.080858,0.080862,0.080867,0.080869,0.080871,0.080874,0.080876,0.080879,0.080882,0.080888,0.080890,0.080892,0.081350,0.081352,0.081353,0.081356,0.081358,0.081360,0.081362,0.081364,0.081366,0.081368,0.081370,0.081375,0.081378,0.081379,0.081382,0.081386,0.081388,0.081390,0.081393,0.081395,0.081677,0.081680,1.717633,1.717635,1.717637,1.717644,1.720001,1.720004,1.720005,1.720007,1.720008,1.720014,1.720016,1.720018,1.720019,1.720024,1.720025,1.720027,1.720028,1.720030,1.720032,1.720033,1.720636,1.720637,1.720638,1.720643,1.720644,1.720645,1.720646,1.720647,1.720648,1.720649,1.720650,1.720651,1.720655,1.720656,1.720658,1.720660,1.720661,1.720662,1.720663,1.720664,1.720694,1.720697,1.722123,1.722124,1.722126,1.722127,1.722129,1.722130,1.722132,1.722133,1.722134,1.722136,1.722137,1.722142,1.722144,1.722145,1.722146,1.722148,1.722150,2.116346,2.116349,44.936938,,52,40,40,1480,1480,1480,1480,195,40,219,102,40,71,40,1480,1480,1480,1480,1480,1480,1480,1480,1480,1480,1480,1480,1480,631,1388,52,52,52,52,40,1480,1480,1480,1480,1480,1480,1480,1480,1480,1480,1480,1480,1480,1480,1480,1480,1480,1480,1480,1480,1480,1480,1480,1480,1480,1480,1480,1480,1480,1480,1480,1480,1480,1480,1480,1480,1480,1480,1480,1480,1480,1480,1480,1480,1480,1480,1480,1480,1480,1480,1480,1480,1480,1480,1480,1480,1480,1480,1480,1480,1480,1480,1480,1480,1480,1480,1480,1480,1480,1480,1480,1480,1480,1480,1480,1480,1480,1480,1480,1480,1480,1480,1480,1480,1480,1480,1480,1480,1480,1480,1480,1480,1480,1480,1480,1480,1480,1480,1480,1480,1480,1480,1480,1480,1480,1480,1480,1480,1480,1480,1480,1480,1480,1480,1480,1480,1480,1480,1480,1480,1480,1480,1480,1480,1480,1480,1480,1480,1480,1480,1480,1480,1480,1480,1480,1480,1480,1480,1480,1480,1480,1480,1480,1480,1480,1480,1480,1480,1480,1480,1480,1480,1480,1480,1480,1480,1480,1480,1480,1480,1480,1480,1480,1480,1480,1480,1480,1480,1480,1480,1480,1352,1480,1480,1480,1480,1480,1480,1480,1480,1480,1480,1480,1480,1480,1480,1480,1480,1480,1480,1480,1480,1480,1480,1480,1480,168,1480,1352,1480,1480,1480,1480,1480,1480,1480,1480,1480,1480,1480,1480,1480,1480,1480,1480,1480,1480,1480,1480,1480,1480,1480,1480,1480,1480,1480,1480,1480,1480,1480,1480,1480,1480,1480,1480,1480,1480,1480,1480,1480,1480,1480,168,1480,1480,1480,1480,1480,1480,1480,1480,1480,1480,1480,1480,1480,1480,1480,1480,1480,1480,1480,1480,1480,1480,1480,1480,1480,1480,1480,1480,1480,1480,1480,1480,1480,1480,1480,1480,1480,1480,1480,1480,1480,1480,1480,1480,1480,1480,1480,1480,1480,1480,1480,1480,1480,1480,1480,1480,1480,1480,1480,1480,1480,1480,1480,1480,1480,1480,1480,1480,1480,1480,1480,1480,1480,1480,1480,1480,1480,1480,1480,1480,1480,1480,1480,1480,1480,1480,1480,1480,1480,1480,1480,1480,1480,1480,1480,1480,1480,1480,1480,1480,1480,1480,1480,1480,1480,1480,1480,1480,1480,1480,1480,1480,1480,1480,1352,1480,1480,1480,1480,1480,1480,1480,1480,1480,1480,1480,1480,1480,1480,1480,1480,1480,1480,1480,1480,168,1480,1480,1480,1480,1480,1480,1480,1480,1480,1480,1480,1480,1480,1480,1480,1480,1480,1480,1480,1480,1480,1480,1480,1480,1480,1480,1480,1480,1480,1480,1480,1480,1480,1480,1480,1480,1480,1480,1480,1480,1480,1480,1480,1480,1480,1480,1480,1480,1480,1480,1480,1480,1480,1480,1480,1480,1480,1480,1480,1480,1480,1480,1480,1480,1480,1480,1480,1480,1480,1480,1480,1480,1480,1480,1480,1480,1480,1480,1480,1480,1480,1480,1480,1480,1480,1480,1480,1480,1480,1480,1480,1480,1480,1480,1480,1480,1480,1480,1480,1480,1480,1480,1480,1480,1480,1480,1480,1480,1480,1480,1480,1480,1480,1480,1480,1480,1480,1480,1480,1480,1480,1480,1480,1480,1480,1480,1480,1480,1480,1480,1480,1480,1480,1480,1480,1480,1480,1480,1480,1480,1480,1480,1480,1480,1480,1480,1480,1480,1480,1480,1480,1480,1480,1480,1480,1480,1480,1480,1480,1480,1480,1480,1480,1480,1480,1480,1480,1480,1480,1480,1480,1480,1480,1480,1480,1480,1480,1480,1480,1480,1480,1480,1480,1480,1480,1480,1480,1480,1480,1480,1480,1480,1480,1480,1480,1480,1480,1480,1480,1480,1480,1480,1480,1480,1480,1480,1480,1480,1480,1480,1480,1480,1480,1480,1480,1480,1480,1480,1480,1480,1480,1480,1480,1480,1480,1480,1480,1480,1480,1480,1480,1480,1480,1480,1480,1480,1480,1480,1480,1480,1480,1480,1480,1480,1480,1480,1480,1480,1480,1480,1480,1480,1480,1480,1480,1480,1480,1480,1480,1480,1480,1480,1480,1480,1480,1480,1480,1480,1480,1480,1480,1480,1480,1480,1480,1480,1480,1480,1480,1480,1480,1480,1480,1480,1480,1480,1480,1480,1480,1480,1480,1480,1480,1480,1480,1480,1480,1480,1480,1480,1480,1480,1480,1480,1480,1480,1480,1480,1480,1480,1480,1480,1480,1480,1480,1480,1480,1480,1480,1480,1480,1480,1480,1480,1480,1480,1480,1480,1480,1480,1480,1480,1480,1480,1480,1480,1480,1480,1480,1480,1480,1480,1480,1480,1480,1480,1480,1480,1480,1480,1480,1480,1480,1480,1480,1480,1480,1480,1480,1480,1480,1480,1480,1480,1480,1480,1480,1480,1480,1480,1480,1480,1480,1480,1480,1480,1480,1480,1480,1480,1480,1480,1480,1480,1480,1480,1480,1480,1480,1480,1480,1480,1480,1480,1480,1480,1480,1480,1480,1480,1480,1480,1480,1480,1480,1480,1480,1480,1480,1480,1480,1480,1480,1480,1480,1480,1480,1480,1480,1480,1480,1480,1480,1480,1480,1480,1480,1480,1480,1480,1480,1480,1480,1480,1480,1480,1480,1480,1480,1480,1480,1480,1480,1480,1480,1480,1480,1480,1480,1480,1480,1480,1480,1480,1480,1480,1480,1480,1480,1480,1480,1480,1480,1480,1480,1480,1480,1480,1480,1480,1480,1480,1480,1480,1480,1480,1480,1480,1480,1480,1480,1480,1480,1480,1480,1480,1480,1480,1480,1480,1480,1480,1480,1480,1480,1480,1480,1480,1480,1480,1480,1480,1480,1480,1480,1480,1480,1480,1480,1480,1480,1480,1480,1480,1480,1480,1480,1480,1480,1480,1480,1480,1480,1480,1480,1480,1480,1480,1480,1480,1480,1480,1480,1480,1480,1480,1480,1480,1480,1480,1480,1480,1480,1480,1480,1480,1480,1480,1480,1480,1480,1480,1480,1480,1480,1480,1480,1480,1480,1480,1480,1480,1480,1480,1480,1480,1480,1480,1480,1480,1480,1480,1480,1480,1480,1480,1480,1480,1480,1480,1480,1480,1480,1480,1480,1480,1480,1480,1480,1480,1480,1480,1480,1480,1480,1480,1480,1480,1480,1480,1480,1480,1480,1480,1480,1480,1480,1480,1480,1480,1480,1480,1480,1480,1480,1480,1480,1480,1480,1480,1480,1480,1480,1480,1480,1480,1480,1480,1480,1480,1480,1480,1480,1480,1480,1480,1480,1480,1480,1480,1480,1480,1480,1480,1480,1480,1480,1480,1480,1480,1480,1480,1480,1480,1480,1480,1480,1480,1480,1480,1480,1480,1480,1480,1480,1480,1480,1480,1480,1480,1480,1480,1480,1480,1480,1480,1480,1480,1480,1480,1480,1480,1480,1480,1480,1480,1480,1480,1480,1480,1480,1480,1480,1480,1480,1480,1480,1480,1480,1480,1480,1480,1480,1480,1480,1480,1480,1480,1480,1480,1480,1480,1480,1480,1480,1480,1480,1480,1480,1480,830,40,1480,1480,960,1480,1480,1480,1480,1480,855,40,1480,1480,1480,1480,1480,1480,1480,1480,1480,1480,1480,606,661,1480,1480,1480,1480,1480,1480,1480,1480,1480,1480,779,40,1480,1480,1480,1480,1480,973,1480,1480,1480,1480,1480,1480,1480,1480,1480,1480,1480,606,1480,1480,1480,1480,1458,1480,207,40
sc_bot_a_264,13.224.245.13,443,10.0.0.8,62253,TCP,1786360096.887360200,12,0.000000,0.008121,0.008126,0.008134,0.008139,0.008144,0.010058,0.010062,0.018097,0.018099,0.018100,0.019851,,52,40,40,1480,1480,1480,1480,195,40,219,102,40
sc_bot_a_264,13.224.245.13,443,10.0.0.8,62255,TCP,1786360096.887361000,11,0.000000,0.010062,0.010068,0.010069,0.010072,0.011921,0.011922,0.018100,0.018100,0.018102,0.022382,,52,40,1480,1480,1480,1480,195,40,219,102,40
sc_bot_a_264,13.224.245.13,443,10.0.0.8,62254,TCP,1786360096.887361400,11,0.000000,0.008126,0.008145,0.008149,0.008151,0.010064,0.010065,0.018101,0.018102,0.018102,0.019851,,52,40,1480,1480,1480,1480,195,40,219,102,40
sc_bot_a_264,13.224.245.13,443,10.0.0.8,62252,TCP,1786360096.887361800,11,0.000000,0.010062,0.010075,0.010077,0.010079,0.011917,0.011919,0.019848,0.019848,0.019849,0.022384,,52,40,1480,1480,1480,1480,195,40,219,102,40
sc_bot_a_264,13.224.245.13,443,10.0.0.8,62256,TCP,1786360096.887362200,11,0.000000,0.010072,0.010081,0.010082,0.010084,0.011922,0.011923,0.019843,0.019846,0.019847,0.019850,,52,40,1480,1480,1480,1480,195,40,219,102,40
sc_bot_a_264,3.169.64.50,443,10.0.0.8,62257,TCP,1786360097.842214600,17,0.000000,0.008324,0.008329,0.008330,0.008335,0.010001,0.010002,0.019951,0.019953,0.071961,0.212113,4.319274,4.379428,5.061120,5.061121,5.252130,43.991164,,52,40,1480,1480,1480,1480,191,40,219,40,1106,40,1069,40,40,1104,40
sc_bot_a_264,2606:4700::6812:562a,443,2a06:c701:7540:db00:fc7a:d02f:72a8:54d3,62258,TCP,1786360097.868102100,191,0.000000,0.006073,0.008054,0.008058,0.008061,0.014098,0.014099,0.018111,0.024564,0.024566,0.024568,0.024568,3.027214,3.037543,3.037545,3.037547,3.037550,3.037552,3.037553,3.037555,3.037556,3.038674,3.038677,3.038679,3.038681,3.038683,3.038688,3.038691,3.038693,3.038694,3.038696,3.038698,3.038700,3.038702,3.038704,3.038728,3.038730,3.038732,3.038734,3.038735,3.038737,3.038739,3.038741,3.038743,3.038744,3.038746,3.038748,3.038751,3.038755,3.038758,3.038760,3.038780,3.038782,3.040810,3.040812,3.040814,3.040816,3.041137,3.041139,3.041141,3.041143,3.041144,3.041146,3.041148,3.041154,3.041156,3.041158,3.041159,3.041161,3.041508,3.041509,3.041511,3.041977,3.041979,3.041980,3.041982,3.043692,3.043695,3.043696,3.043698,3.043706,3.043708,3.043710,3.043711,3.043713,3.043714,3.043721,3.047259,3.047262,3.047265,3.047267,3.047268,3.047270,3.047273,3.048747,3.048750,3.048752,3.048754,3.048755,3.048757,3.048759,3.048764,3.048766,3.048768,3.048770,3.048772,3.048773,3.048775,3.048777,3.048779,3.048781,3.048782,3.048784,3.048786,3.048788,3.048800,3.048802,3.048804,3.048805,3.048807,3.048809,3.048811,3.048813,3.048835,3.048838,3.048841,3.049611,3.049613,3.049615,3.049616,3.049618,3.049619,3.049622,3.049623,3.049625,3.049626,3.049628,3.049634,3.049636,3.049638,3.049639,3.049642,3.049643,3.049645,3.049646,3.049648,3.049650,3.049652,3.049653,3.049655,3.049657,3.050265,3.050267,3.050269,3.050270,3.050272,3.050273,4.633806,4.633808,4.634940,4.634942,4.634943,4.634948,4.634950,4.637273,4.637275,4.637277,4.637278,4.637280,4.637281,4.637282,4.637284,4.637286,4.637289,4.637290,4.637292,4.637294,4.637296,4.637297,4.637298,4.647332,4.647334,4.647335,4.647336,4.647339,4.647340,5.205472,5.205474,5.205475,5.251464,43.950043,,72,60,1420,600,1420,572,91,60,707,1420,91,1006,60,1420,1420,370,276,1420,91,1420,1420,122,1420,1420,1420,1420,184,1420,1420,1420,1420,1420,215,1420,1420,1420,1420,1420,1420,1420,1420,1420,1420,1420,1420,1420,1420,1420,1420,1420,1420,1420,1420,1420,1420,1420,603,1420,1420,1420,1420,1420,1420,1420,1420,1420,1420,1420,1420,1420,1420,1420,1420,1420,1420,1420,1420,1420,1420,1420,1420,1420,1420,1420,1420,1420,804,227,1420,1420,1420,231,1420,1420,1420,231,1420,1420,1420,1420,1420,1420,402,1420,1420,1420,1420,1420,1420,1420,1420,1420,1420,1420,1420,744,1420,1420,1420,1420,1420,1420,402,1420,1420,1420,1420,1420,1420,1420,1420,1420,1420,1420,1420,1420,1420,1420,1420,1420,1420,300,1420,1420,1420,1420,1420,1420,1420,1420,1420,1420,1420,1420,1420,1420,1201,60,60,388,1420,1420,513,91,228,1420,1420,1420,1420,1420,1420,1420,1420,1420,1371,91,295,1420,505,91,392,1420,1420,1420,568,91,294,427,91,60,60
sc_bot_a_264,2a00:1450:4028:80b::2002,443,2a06:c701:7540:db00:fc7a:d02f:72a8:54d3,56675,UDP,1786360097.888275200,226,0.000000,0.000011,0.000015,0.000019,0.056351,0.056352,0.056354,0.056355,0.056357,0.065946,0.065949,0.067918,0.134610,0.134612,0.134614,0.134615,0.134617,0.134619,0.134620,0.134621,0.134622,0.134624,0.134625,0.134626,0.134632,0.138298,0.138300,0.138302,0.138304,0.138306,0.138308,0.138310,0.138312,0.140314,0.140315,0.140316,0.140317,0.140318,0.140322,0.140323,0.140324,0.140325,0.140326,0.140327,0.140328,0.170065,2.887912,2.887918,2.887921,2.887924,2.887927,2.887931,2.887939,2.887942,2.887943,2.887945,2.887947,2.887950,2.887952,2.887956,2.887959,2.887962,2.887966,2.887970,2.889189,2.889191,2.889194,2.889196,2.889199,2.889200,2.889203,2.889206,2.889584,2.889586,2.889588,2.889589,2.889591,2.889597,2.889599,2.889601,2.889603,2.889604,2.891066,2.891068,2.891811,2.891814,2.891816,2.891818,2.891819,2.891822,2.893118,2.893121,2.893123,2.893125,2.893130,2.893132,2.893134,2.893136,2.894471,2.894474,2.894475,2.894485,2.894487,2.894489,2.895070,2.895072,2.895073,2.895075,2.895077,2.895079,2.895080,2.895332,2.895334,2.895336,2.895337,2.895490,2.895492,2.895493,2.897060,2.897062,2.897064,2.897066,2.897068,2.897072,2.897074,2.897358,2.897361,2.897362,2.897364,2.897366,2.897367,2.897369,2.897371,2.897372,2.899464,2.899466,2.899467,2.899472,2.899473,2.899476,2.899477,2.899479,2.899480,2.899482,2.899484,2.899485,2.899487,2.899488,2.899544,2.908726,2.908729,2.908731,2.908733,2.908734,2.908736,2.908738,2.908740,2.908742,2.908744,2.908746,2.908748,2.908754,2.908756,2.908758,2.908759,2.908761,2.908763,2.908765,2.908767,2.908769,2.908770,2.908772,2.908774,2.908776,2.908778,2.908780,2.908782,2.908784,2.908785,2.908839,2.908842,2.909796,2.909798,2.909804,2.909806,2.909808,2.909809,2.909811,2.909813,2.909814,2.909816,2.909817,2.909819,2.909821,2.909826,2.909827,2.909829,2.909831,2.909833,2.909834,2.909836,2.909838,2.909840,2.916838,2.916840,2.916842,2.916844,2.916846,2.916847,2.916849,2.916851,2.916855,2.916857,2.916859,2.916861,2.916863,2.916868,2.916871,2.916873,2.948874,9.682651,9.682652,9.684601,9.816847,9.823513,9.850481,,88,1278,1278,1278,1278,1278,1278,233,92,1022,185,75,1274,1278,1278,1278,1278,1278,1278,1278,1278,1278,1278,1278,1136,1273,1278,1278,1278,1278,1278,1278,1278,1278,1278,1278,1278,1278,784,1271,1278,1278,1278,1141,293,72,214,1274,1278,1278,1278,1278,1278,1278,1278,1278,1278,1278,1278,1278,1278,1278,1278,1278,1278,1278,1278,1278,1278,1278,1278,1278,1278,1278,1278,1278,1278,1278,1278,1278,1278,1278,1278,1278,1278,1278,1278,1278,1278,1278,1278,1278,1278,1278,1278,1278,1278,1278,1278,1278,1278,524,1271,1278,1278,1278,1278,1278,1278,1278,1278,1278,1278,1278,1278,1278,1278,1278,1278,1278,1278,1278,1278,1278,1278,1278,1278,1278,1278,1278,1278,1278,1278,1278,1278,1278,1278,1278,1278,1278,1278,1278,1278,1278,1278,1278,1278,1278,1278,1278,1278,1278,1278,1278,1278,1278,1278,1278,1278,1278,1278,1278,1278,1278,1278,1278,1278,1278,1278,1278,1278,1278,1278,1278,1278,1278,1278,1278,1278,1278,1278,1278,1278,804,1271,1278,1278,1278,1278,1278,1278,1278,1278,1278,1278,1278,1278,1278,1278,1278,1278,1278,1278,1278,1278,1278,1278,1278,1278,1278,1278,318,1271,1278,1278,1278,1278,1278,161,74,73,73,77,871,170,74
sc_bot_a_264,13.224.245.93,443,10.0.0.8,62259,TCP,1786360097.888438500,18,0.000000,0.009831,0.009834,0.009835,0.009836,0.009837,0.009838,0.019986,0.019987,0.019988,0.019990,0.023871,0.023874,0.023876,0.023941,0.023944,0.081779,43.933876,,52,40,1480,1480,1480,1480,202,40,219,102,71,1480,1480,1480,1224,71,40,40
sc_bot_a_264,13.224.245.15,443,10.0.0.8,62260,TCP,1786360097.946762100,30,0.000000,0.007789,0.007791,0.007792,0.007793,0.007798,0.015474,0.015476,0.015478,0.017485,0.017487,0.017488,0.048418,0.048420,7.357046,7.359137,7.359143,7.371373,7.371374,7.435211,18.883324,18.883325,18.885328,18.885329,18.885329,18.887144,18.899558,18.899560,18.965021,43.875549,,52,40,1480,1480,1480,584,40,219,102,71,40,40,706,71,40,40,40,707,71,40,40,40,40,79,40,40,706,71,40,40
sc_bot_a_264,2a06:98c1:3103::ac40:9b77,443,2a06:c701:7540:db00:fc7a:d02f:72a8:54d3,62261,TCP,1786360097.966223900,12,0.000000,0.008083,0.008091,0.008093,0.008095,0.020044,0.020051,0.025996,0.028651,0.028653,0.028654,43.853455,,72,60,1420,593,1420,60,581,60,272,173,91,60
sc_bot_a_264,2600:9000:21b3:8800:19:b6f1:d180:93a1,443,2a06:c701:7540:db00:fc7a:d02f:72a8:54d3,56971,UDP,1786360098.000367300,139,0.000000,0.000002,0.000003,0.000003,0.000007,0.011926,0.011929,0.013905,0.016246,0.016248,0.016249,0.016250,0.016250,0.016251,0.016253,0.016254,0.016284,0.016285,0.016288,0.016289,0.016290,0.016291,0.016292,0.016294,0.016637,0.016639,0.016640,0.016641,0.016642,0.016643,0.016644,0.016646,0.016647,0.016648,0.018386,0.018388,0.018389,0.018394,0.018395,0.018397,0.018398,0.018399,0.018400,0.018401,0.018402,0.024217,0.024219,0.024220,0.024221,0.024222,0.024223,0.024224,0.024225,0.024226,0.024228,0.024229,0.024230,0.027158,0.027163,0.027164,0.027165,0.027166,0.027167,0.027168,0.027169,0.027170,0.027171,0.027172,0.027173,0.027178,0.027180,0.027181,0.029437,0.029440,0.029441,0.029442,0.029443,0.030301,0.030303,0.030304,0.030305,0.030306,0.030307,0.030308,0.030309,0.030310,0.030311,0.030313,0.030314,0.032117,0.032119,0.034534,0.034536,0.034537,0.034538,0.034543,0.048660,0.076011,4.553173,4.553175,4.553176,4.553178,4.553179,4.555887,4.555889,4.555889,4.555903,4.555904,4.556999,4.557001,4.557001,4.561273,4.561275,4.561276,4.561277,4.561278,4.561280,4.563196,4.563197,4.563198,4.563199,4.563199,4.569512,4.577433,4.577436,4.722912,4.722913,4.722919,4.728841,4.728842,4.728849,4.728850,4.730904,4.730906,4.730906,4.735413,4.740839,4.740842,4.755133,,1248,1248,1248,1248,945,107,91,1248,1248,1248,1248,1248,1248,1248,394,1248,1248,1248,1248,1248,1248,1248,459,91,1248,1248,1248,1248,1248,1248,1248,389,1248,1248,1248,1248,1248,1248,1248,1248,1248,1248,1248,1248,1248,1248,1248,1248,1248,1248,1248,1248,1248,1248,1248,1248,1248,1248,1248,1248,1248,1248,1248,1248,1248,1248,1248,1248,1248,1248,1248,1248,1248,1248,1248,1248,1248,1248,1248,1248,1248,1248,1248,1248,1248,1248,1248,1248,1248,1248,1248,1248,1248,1248,1248,918,91,91,1374,1248,1248,285,91,1248,1248,1248,1196,91,1248,91,91,1248,1248,1248,1248,1094,91,1437,91,1374,502,91,91,1468,91,1468,1468,986,1468,1468,711,91,1468,92,91,91,1236,91,91
sc_bot_a_264,34.128.128.0,443,10.0.0.8,62262,TCP,1786360098.050479900,23,0.000000,0.008213,0.008215,0.013180,0.013182,0.013183,0.013185,0.029941,0.029944,0.035896,0.035898,0.087956,0.087959,0.087960,0.096351,1.302652,1.302665,1.357375,1.357378,1.357380,1.369746,1.369750,43.771831,,52,40,40,1452,1452,1452,391,658,71,40,40,360,87,79,40,40,40,156,87,79,79,40,40
sc_bot_a_264,2606:4700:10::6814:2afa,443,2a06:c701:7540:db00:fc7a:d02f:72a8:54d3,62263,TCP,1786360098.118404700,111,0.000000,0.005991,0.010051,0.010053,0.010057,0.024207,0.027997,0.030300,0.034172,0.034177,0.034179,0.034183,1.051331,1.051338,1.051340,1.051343,1.051344,1.051347,1.051350,1.052294,1.052309,1.052312,1.052314,1.052317,1.052319,1.052320,1.052323,1.052325,1.052328,1.052330,1.052331,1.052334,1.052336,1.052338,1.052340,1.052343,1.052345,1.052347,1.052349,1.052352,1.052354,1.052357,1.052358,1.052361,1.052363,1.052366,1.052368,1.052372,1.052374,1.052377,1.052380,1.054419,1.054422,1.054424,1.054427,1.054430,1.054432,1.054434,1.055002,1.055004,1.055008,1.055010,1.055012,1.055014,1.055017,1.055019,1.055247,1.055250,1.055252,1.055254,1.055257,1.057316,1.057320,1.057322,1.057324,1.057326,1.057328,1.057331,1.057333,1.057687,1.057690,1.057692,1.057698,1.057701,1.057703,1.059308,1.059310,1.059313,1.059316,1.059318,1.059319,1.059322,1.059323,1.059617,1.059619,1.059622,1.059626,1.059628,1.059630,1.059632,1.059636,5.415637,5.415639,5.415641,5.415642,5.415644,5.415645,5.415646,5.415648,5.474524,43.701274,,72,60,1420,599,1420,572,91,60,519,1420,91,875,372,1420,91,1420,91,1420,1420,122,1420,1420,1420,1420,1420,153,1420,1420,1420,1420,122,1420,1420,1420,1420,1420,1420,1420,1420,1420,1420,1420,246,1420,1420,1420,1420,463,1420,1420,1420,1420,1420,1420,1420,1420,1420,417,1420,1420,1420,1420,1420,1420,1420,1420,1420,1420,1420,1420,1420,1420,1420,1420,1420,1420,1420,1420,1420,1420,1420,1420,1420,1420,1420,1420,1420,1420,1420,1420,1420,1420,1420,1420,1420,1420,1420,1420,1420,1420,860,270,1420,1420,1420,231,1420,69,91,60,60
sc_bot_a_264,2606:4700:10::6814:2afa,443,2a06:c701:7540:db00:fc7a:d02f:72a8:54d3,62264,TCP,1786360098.132462200,149,0.000000,0.007954,0.010146,0.010148,0.010153,0.021980,0.021986,0.021987,0.028366,0.028371,0.028373,0.028375,0.028377,0.028380,0.028385,0.028388,0.028390,0.028393,0.028396,0.029276,0.029278,0.029281,0.029284,0.029287,0.029289,0.029292,0.029294,0.029296,0.029300,0.029302,0.029305,0.029308,0.029314,0.029316,0.029319,0.029322,0.029325,0.029327,0.029330,0.029332,0.029335,0.029338,0.029340,0.029343,0.029345,0.029347,0.029349,0.029352,0.029354,0.029357,0.029360,0.031268,0.031270,0.031273,0.031277,0.031279,0.031281,0.031283,0.031286,0.031288,0.031617,0.031620,0.034455,0.034458,0.034459,0.034461,0.034463,0.034464,0.034466,0.034468,0.034470,0.034475,0.035158,0.035160,0.035162,0.035164,0.035166,0.035167,0.035170,0.035172,0.035173,0.035175,0.035177,0.035182,0.035184,0.035187,0.035190,0.035192,0.035195,0.035198,0.035205,0.035207,0.035210,0.035212,0.035215,0.035227,0.035230,0.035232,0.035236,0.035238,0.035241,0.035243,0.035246,0.035249,0.037657,0.037659,0.037661,0.037662,0.037664,0.037666,0.037668,0.037670,0.037672,0.037673,0.037675,0.037680,0.037682,0.037684,0.037688,0.037690,0.037693,0.037695,0.037698,0.037700,0.037703,0.037705,0.037708,0.037710,0.037713,0.037715,0.037718,0.037721,0.037724,0.037726,0.037730,0.037732,0.038225,0.038226,0.038228,0.038230,0.038232,0.038234,0.038236,0.038238,0.038239,0.038241,0.038243,0.038246,43.687216,,72,60,1420,600,1420,60,581,60,432,1420,91,1420,1420,1420,122,1420,1420,1420,1420,1420,122,1420,1420,1420,1420,1420,153,1420,1420,1420,1420,1420,1420,1420,1420,1420,1420,1420,246,1420,1420,1420,1420,1420,153,1420,494,1420,1420,1420,1420,1420,1420,1420,1420,1420,1420,1420,1420,1420,1420,1420,1420,1420,1420,1420,1420,1420,1420,1420,1420,1420,1420,1420,1420,1420,1420,1420,1420,1420,1420,1420,1420,1420,1420,1420,1420,1420,1420,1420,1420,1420,1420,1420,1420,1420,1420,1420,1420,1420,1420,1420,1420,1420,1420,1420,1420,1420,1420,1420,1420,1420,1420,1420,1420,1420,1420,1420,1420,1420,1420,1420,1420,1420,1420,1420,1420,1420,1420,1420,1420,1420,1420,1420,1420,1420,1420,1420,1420,1420,1420,1420,1420,1420,1420,1420,1420,1026,60
sc_bot_a_264,2a06:98c1:3106::ac40:92e2,443,2a06:c701:7540:db00:fc7a:d02f:72a8:54d3,62266,TCP,1786360098.134761700,81,0.000000,0.007856,0.009731,0.009735,0.009738,0.033407,0.033410,0.039726,0.058088,0.058091,0.058093,0.058095,0.058097,0.058100,0.058102,0.058102,0.059034,0.059037,0.059040,0.059043,0.059045,0.059048,0.059050,0.059058,0.059060,0.059063,0.059065,0.059068,0.059070,0.059073,0.059075,0.059078,0.059082,0.059084,0.059087,0.059090,0.059092,0.059094,0.059096,0.059098,0.059103,0.059106,0.059107,0.059109,0.059111,0.059113,0.059115,0.059117,0.059644,0.059648,0.059650,0.059653,0.059656,0.059659,0.059661,0.059664,0.059666,0.059669,0.059672,0.059678,0.059681,0.064021,0.064025,0.064028,0.064030,0.064034,0.064036,0.064039,0.064041,0.064481,0.064483,0.064486,0.064492,0.064496,0.064498,0.064501,0.064503,0.064506,0.064508,0.064510,43.684918,,72,60,1420,1366,1420,60,581,286,1420,91,1420,1420,122,1420,1420,122,1420,1420,1420,153,1420,1420,1420,1420,1420,1420,246,1420,1420,1420,1420,1420,1420,1420,1420,1420,1420,1420,1420,1420,463,1420,1420,1420,1420,1420,1420,1420,1420,1420,1420,1420,1420,1420,1420,1420,1420,1420,1420,1420,1420,1420,1420,1420,1420,1420,1420,1420,1420,1420,1420,1420,1420,1420,1420,1420,1420,1420,1420,156,60
sc_bot_a_264,2600:9000:21b3:2e00:1f:b62c:41c0:93a1,443,2a06:c701:7540:db00:fc7a:d02f:72a8:54d3,62265,TCP,1786360098.135083100,17,0.000000,0.009953,0.011735,0.011741,0.011744,0.011746,0.011750,0.017857,0.023402,0.023405,0.023407,0.029233,0.029630,0.075449,2.283963,2.283969,43.687230,,72,60,1400,1400,1400,1400,624,1400,60,239,122,91,526,60,60,524,60
sc_bot_a_264,2a00:1450:4028:80a::2003,443,2a06:c701:7540:db00:fc7a:d02f:72a8:54d3,62267,TCP,1786360098.334780600,50,0.000000,0.007926,0.007928,0.064063,0.064065,0.064066,0.064067,0.064068,0.073958,0.073960,0.073961,0.075865,0.086260,0.142090,0.142093,0.142094,0.142095,0.142097,0.150006,2.600076,2.602572,2.610895,2.610900,2.610903,2.610907,2.610909,2.610912,2.610924,2.610927,2.610930,2.610934,2.610937,2.610940,2.610944,2.626547,2.668787,2.668791,2.668793,2.668796,2.668798,2.668800,2.668803,2.679837,2.679841,2.679852,2.679856,2.679860,2.679864,2.688639,43.488986,,72,60,60,1280,1280,1280,1280,530,60,60,1020,91,60,591,1280,1089,91,99,60,60,60,418,1280,1280,1280,1280,1280,1280,1280,1280,1280,1280,1280,343,60,329,1280,1280,1280,1280,1280,1280,1280,1280,1280,1280,319,130,60,60
sc_bot_a_264,3.169.64.117,443,10.0.0.8,62268,TCP,1786360098.568839500,26,0.000000,0.008123,0.008124,0.008125,0.008126,0.008128,0.010011,0.010013,0.020806,0.020808,0.020811,0.098181,0.204230,0.230290,0.942123,0.947151,1.008869,1.057104,1.057109,1.968789,1.972200,2.024296,2.078680,2.078682,2.078684,43.264815,,52,40,40,1480,1480,1480,1480,191,40,40,219,1128,40,1165,40,1040,40,1480,416,40,1040,40,1480,1480,313,40
sc_bot_a_264,3.169.64.117,443,10.0.0.8,62269,TCP,1786360098.612914200,27,0.000000,0.008049,0.008056,0.016884,0.016886,0.016888,0.084112,0.140970,0.254246,0.346814,0.422424,0.740248,0.825958,0.825961,0.883981,0.957837,1.990116,1.992469,2.050112,2.093485,2.093488,16.316914,16.320822,16.328851,16.328852,16.461135,43.220740,,52,40,1353,40,40,219,1030,40,1242,40,1128,40,1480,157,40,1173,40,1040,40,1480,313,40,1040,40,40,1111,40
sc_bot_a_264,143.204.226.28,443,10.0.0.8,62270,TCP,1786360098.799132300,51,0.000000,0.007998,0.008000,0.010395,0.010401,0.010402,0.010403,0.010405,0.022027,0.022030,0.022031,0.024617,0.024618,0.024619,0.024620,0.024622,0.024622,0.024624,0.024624,0.024626,0.024626,0.024631,0.024632,0.024633,0.024634,0.024636,0.024637,0.024994,0.024996,0.024997,0.024999,0.025000,0.025001,0.025003,0.025004,0.026046,0.026048,0.026048,0.026050,0.028082,0.028084,0.028085,0.028086,0.030124,0.030126,0.030127,0.030128,0.030129,0.030130,0.030132,43.023182,,52,40,40,1480,1480,1480,1480,195,40,219,111,1480,1480,1480,1480,1480,1480,1480,1480,1480,1480,1480,606,1480,1480,1480,1480,1480,1480,1480,1480,1480,1480,1480,606,1480,1480,1480,1480,1480,1480,1480,1480,1480,1480,1480,1480,1480,1480,247,40
sc_bot_a_264,143.204.226.90,443,10.0.0.8,62271,TCP,1786360098.909186300,17,0.000000,0.010153,0.010156,0.010157,0.010158,0.010159,0.010161,0.024086,0.024088,0.024089,0.024092,0.024093,0.026046,0.036382,0.113188,0.113189,42.914582,,52,40,1480,1480,1480,1480,270,40,219,102,40,71,539,40,557,71,40
sc_bot_a_264,13.224.245.9,443,10.0.0.8,62272,TCP,1786360098.923227300,23,0.000000,0.008175,0.008178,0.008183,0.008185,0.008186,0.008188,0.010050,0.022336,0.022338,0.022340,0.022342,0.022344,0.022345,0.022346,0.022348,0.022349,0.022351,0.022352,0.022353,0.022358,0.088379,42.901467,,52,40,1480,1480,1480,1480,1480,627,40,219,102,71,1480,1480,1480,1480,1480,1480,1480,1480,1449,40,40
sc_bot_a_264,143.204.226.28,443,10.0.0.8,62273,TCP,1786360098.983717300,132,0.000000,0.009720,0.009723,0.009724,0.009726,0.011605,0.011608,0.018009,0.018010,0.018012,0.019582,0.021860,0.024079,0.024082,0.024083,0.024084,0.024086,0.024087,0.024088,0.024090,0.024091,0.024093,0.024098,0.024100,0.024101,0.024102,0.024104,0.024105,0.024595,0.024597,0.024598,0.024599,0.024600,0.024601,0.024603,0.024604,0.024605,0.024606,0.025696,0.025698,0.025701,0.025702,0.025704,0.027884,0.027885,0.027886,0.027887,0.031942,0.031944,0.031946,0.031947,0.031948,0.031949,0.031950,0.031951,0.031952,0.031954,1.637723,1.637726,2.337573,2.337578,10.933388,10.933389,10.933394,10.935452,10.935459,10.935460,10.935462,10.935465,10.935467,10.935470,10.935471,10.935473,10.935475,10.935477,10.935483,10.935485,10.935486,10.935488,10.935491,10.936245,10.936245,10.936246,10.936246,10.936247,10.936247,10.936248,10.936250,10.936251,10.936251,10.936252,10.936252,10.936254,10.936254,10.936255,10.936255,10.936256,10.936256,10.936257,10.936257,10.936258,10.936258,10.936260,10.986842,11.501420,11.501421,11.501421,11.501422,11.501423,11.501424,11.501446,11.501447,11.501448,11.501450,11.501450,11.501451,11.501455,11.501456,11.523704,11.523706,11.523707,11.523708,11.523709,11.523710,11.523711,11.523712,11.523712,11.523713,11.523716,11.523719,11.523720,42.840051,,52,40,1480,1480,1480,1480,195,40,219,102,71,1480,1480,1480,1480,1480,1480,1480,1480,1480,1480,1480,606,1480,1480,1480,1480,1480,1480,1480,1480,1480,1480,1480,1480,1480,1480,1480,40,1480,1480,1480,1480,1480,1480,1480,1480,1480,1480,1480,1480,1480,1480,1480,1480,1480,193,1480,1167,1480,969,40,1480,969,1480,1480,1480,1480,1480,1480,1480,1480,1480,1480,1480,606,1480,1480,1480,1480,1480,1480,1480,1480,1480,1480,1480,606,1480,1480,1480,1480,1480,1480,1480,1480,1480,1480,1480,1480,1480,1480,247,40,40,1480,1480,1480,1480,1480,1480,1480,1480,1480,1480,1480,606,398,1480,1480,1480,1480,1480,1480,1480,1480,1480,1480,1480,606,397,40
sc_bot_a_264,143.204.226.16,443,10.0.0.8,62274,TCP,1786360099.003301300,25,0.000000,0.008304,0.008305,0.008306,0.008307,0.008308,0.011275,0.011277,0.026070,0.026072,0.026074,0.084678,0.134153,0.626135,0.627411,0.627420,0.627422,0.627425,0.627427,2.317987,2.328827,2.336501,2.345002,2.403355,42.820468,,52,40,1480,1480,1480,1480,1480,99,40,219,111,325,40,40,1480,1480,1480,1480,1265,40,768,40,40,287,40
sc_bot_a_264,13.224.245.10,443,10.0.0.8,62275,TCP,1786360099.113632100,35,0.000000,0.009941,0.009943,0.009944,0.009945,0.011879,0.011881,0.023824,0.023826,0.023827,0.025799,0.029813,0.102070,0.102072,0.102074,0.102081,0.564349,0.706500,0.706504,0.706508,0.706510,1.331276,1.405820,1.405826,1.405832,1.405834,7.578777,7.578778,7.584932,7.661511,7.661512,7.661513,7.661514,7.669719,42.711062,,52,40,1480,1480,1480,1480,200,40,219,102,71,40,1480,1480,375,71,40,1480,1480,375,71,40,1480,1480,465,71,40,40,40,1480,1480,505,71,40,40
sc_bot_a_264,34.128.128.0,443,10.0.0.8,58196,UDP,1786360099.353127000,9,0.000000,0.000003,0.000020,0.000022,0.000024,0.000025,0.011175,0.011179,0.040066,,68,1278,1278,1278,1278,480,612,149,52
sc_bot_a_264,143.204.226.38,443,10.0.0.8,62277,TCP,1786360099.652549700,12,0.000000,0.011682,0.011686,0.011689,0.011692,0.011694,0.011697,0.030001,0.030004,0.035792,0.035797,42.180830,,52,40,1480,1480,1480,1480,186,40,219,1480,1181,40
sc_bot_a_264,34.95.69.49,443,10.0.0.8,62279,TCP,1786360099.836398500,17,0.000000,0.012046,0.012318,0.012321,0.012330,0.012334,0.031763,0.031767,0.051142,0.051144,0.158588,0.172091,0.174858,0.174863,0.300116,0.308134,41.987370,,52,40,1452,1452,1452,252,658,71,40,40,354,40,40,40,183,40,40
sc_bot_a_264,34.95.69.49,443,10.0.0.8,62766,UDP,1786360100.011259800,9,0.000000,0.000005,0.003273,0.003276,0.003278,0.003281,0.013496,0.013498,0.045321,,68,1278,1278,1278,1278,393,612,149,52
sc_bot_a_264,2600:9000:21b3:2e00:1f:b62c:41c0:93a1,443,2a06:c701:7540:db00:fc7a:d02f:72a8:54d3,53507,UDP,1786360100.419036900,12,0.000000,0.000018,0.000019,0.000021,0.000022,0.006525,0.023809,0.025875,0.025877,0.051856,0.118588,0.118590,,1248,1248,1248,1248,1248,949,113,107,91,91,91,91
sc_bot_a_264,3.169.64.117,443,10.0.0.8,62281,TCP,1786360100.617492700,39,0.000000,0.007632,0.007643,0.015641,0.015644,0.017600,0.088904,0.121781,0.121784,2.281828,2.285841,2.295834,2.295835,2.414526,2.934551,2.942682,2.942686,3.021422,7.558532,7.572255,7.572264,7.631505,7.703434,9.325229,9.395260,9.402284,9.499434,9.499435,10.035833,10.215993,10.224054,10.323316,10.323320,14.237308,14.238243,14.247878,14.302279,14.334252,41.215887,,52,40,1353,40,219,1040,40,1480,316,40,1046,52,40,1117,1040,40,40,1039,1040,40,40,40,1111,40,1030,40,1480,368,40,1030,40,1480,366,40,1040,40,40,1039,40
sc_bot_a_264,2a00:1450:4028:80a::2003,443,2a06:c701:7540:db00:fc7a:d02f:72a8:54d3,58524,UDP,1786360100.927649200,15,0.000000,0.001706,0.001710,0.001713,0.060310,0.060312,0.060313,0.060316,0.067818,0.067823,0.093791,0.130257,0.168755,0.168757,0.200212,,88,1278,1278,1278,1278,1278,1274,115,992,185,72,76,262,69,72
sc_bot_a_264,2606:4700:10::ac42:a813,443,2a06:c701:7540:db00:fc7a:d02f:72a8:54d3,62282,TCP,1786360101.213590500,13,0.000000,0.006072,0.006074,0.006076,0.006077,0.042390,0.042393,0.042394,0.051220,0.051223,0.051224,0.088124,40.609644,,72,60,1420,605,1420,572,60,91,188,292,91,60,60
sc_bot_a_264,13.224.245.11,443,10.0.0.8,62285,TCP,1786360101.372392000,818,0.000000,0.014895,0.014896,0.014897,0.014898,0.014899,0.014903,0.014904,0.031871,0.031873,0.031874,0.031877,0.034246,0.034248,0.034250,0.034255,0.034266,0.034267,0.034273,0.034274,0.036202,0.036204,0.036209,0.036210,0.036214,0.036216,0.040370,0.040371,0.040374,0.040375,0.040378,0.040379,0.040382,0.040383,0.040384,0.040385,0.040386,0.040387,0.042715,0.042716,0.042717,0.042718,0.042719,0.042720,0.043814,0.043816,0.043817,0.043818,0.043819,0.043823,0.046045,0.046046,0.046048,0.046048,0.046049,0.046050,0.046052,0.046052,0.046054,0.047571,0.047572,0.047576,0.047577,0.047578,0.047579,0.047580,0.047581,0.049824,0.049826,0.049827,0.049828,0.049829,0.049830,0.049830,0.049831,0.049832,0.049833,0.049834,0.049837,0.049838,0.049839,0.049840,0.049841,0.050121,0.050122,0.050124,0.050124,0.050125,0.052198,0.052199,0.052200,0.052201,0.052203,0.052204,0.052209,0.052211,0.052212,0.052213,0.052215,0.052216,0.053849,0.053851,0.053852,0.053853,0.053854,0.053856,0.053857,0.053858,0.053859,0.053860,0.053862,0.053866,0.053867,0.053869,0.053870,0.053872,0.054265,0.054266,0.054267,0.054268,0.054269,0.055865,0.055866,0.055867,0.055868,0.055869,0.055870,0.055874,0.055874,0.055876,0.055877,0.055878,0.055878,0.055880,0.055880,0.055881,0.055882,0.055884,0.055885,0.058704,0.058706,0.058708,0.058709,0.058710,0.058712,0.058713,0.058714,0.058715,0.058717,0.058718,0.058722,0.058723,0.058725,0.058726,0.058727,0.058728,0.058730,0.058731,0.063266,0.063267,0.063269,0.063270,0.063271,0.063272,0.063273,0.063274,0.063275,0.063276,0.063277,0.063281,0.063283,0.063284,0.063285,0.063286,0.063288,0.063290,0.063291,0.063292,0.063294,0.063295,0.063296,0.063297,0.063299,0.063301,0.063303,0.063304,0.063306,0.063307,0.063358,0.063360,0.063901,0.063902,0.063903,0.063904,0.063905,0.063906,0.063907,0.063908,0.063909,0.063912,0.063913,0.063914,0.063916,0.063917,0.063919,0.063920,0.063921,0.063922,0.063924,0.063925,0.063926,0.063928,0.063929,0.063930,0.063931,0.063933,0.063934,0.063935,0.063936,0.063938,0.063939,0.063981,0.064278,0.064279,0.064280,0.064281,0.064282,0.064283,0.064284,0.064285,0.064443,0.064444,0.066545,0.066546,0.066548,0.066548,0.066550,0.066550,0.066552,0.066553,0.066554,0.066555,0.066556,0.066559,0.066561,0.066562,0.066563,0.066565,0.066566,0.066568,0.066569,0.066571,0.069885,0.069886,0.069888,0.069888,0.069889,0.069890,0.069891,0.069892,0.069893,0.069894,0.069895,0.069899,0.069900,0.069901,0.069902,0.069903,0.072147,0.072148,0.072149,0.072151,0.072152,0.072153,0.072154,0.072155,0.072156,0.072157,0.072158,0.072162,0.072163,0.072164,0.072166,0.072167,0.072168,0.072169,0.072170,0.072172,0.072173,0.072174,0.072175,0.072176,0.073180,0.073182,0.073183,0.073184,0.073185,0.073186,0.073187,0.073188,0.073189,0.073190,0.073191,0.073192,0.073195,0.073196,0.073198,0.073199,0.073200,0.073201,0.073202,0.073203,0.073204,0.073205,0.073206,0.073207,0.073208,0.073210,0.073211,0.073213,0.073214,0.073216,0.073259,0.073262,0.073648,0.073649,0.073650,0.073650,0.073651,0.073652,0.073653,0.073654,0.073655,0.073656,0.073657,0.073661,0.073662,0.073663,0.073664,0.073665,0.073872,0.073874,0.073875,0.073876,0.073877,0.073878,0.073879,0.073880,0.073881,0.073882,0.073883,0.073887,0.073888,0.073890,0.073891,0.073892,0.075362,0.075363,0.075364,0.075365,0.075366,0.075367,0.075368,0.075369,0.075370,0.075371,0.075372,0.075374,0.075375,0.075376,0.075377,0.075378,0.075379,0.075380,0.075381,0.075382,0.075384,0.075385,0.075386,0.075387,0.075388,0.075389,0.075390,0.075391,0.075392,0.075423,0.075425,0.075426,0.075756,0.075758,0.075759,0.075760,0.075761,0.075762,0.075762,0.075763,0.075764,0.075765,0.075766,0.075769,0.075770,0.075974,0.075976,0.075977,0.075978,0.075979,0.075980,0.075982,0.075983,0.075984,0.075985,0.075991,1.557816,1.557820,1.557821,1.557823,1.557824,1.557825,1.557827,1.557828,1.557829,1.557830,1.557832,1.557833,1.557834,1.557836,1.557837,1.557838,1.557840,1.557841,1.557842,1.557844,1.557845,1.557846,1.557891,1.557893,1.557895,1.557898,1.557899,1.557901,1.557903,1.557905,1.557906,1.557908,1.558519,1.558520,1.558522,1.558523,1.558524,1.558525,1.558526,1.558527,1.558528,1.558530,1.558531,1.558534,1.558536,1.558537,1.558538,1.558539,1.558541,1.558542,1.558543,1.558545,1.558546,1.558547,1.558549,1.558550,1.558551,1.558553,1.558554,1.558555,1.558557,1.558558,1.558594,1.559101,1.559103,1.559104,1.559105,1.559106,1.559110,1.559111,1.559112,1.559113,1.559114,1.559117,1.559118,1.559122,5.426394,5.426394,5.426395,5.426396,5.426397,5.426398,5.426398,5.426399,5.426408,5.426409,5.426410,5.426410,5.426435,5.426436,5.426782,5.426782,5.426783,5.426783,5.426784,5.426784,5.426785,5.426786,5.426786,5.426787,5.426788,5.426788,5.426790,5.426791,5.426791,5.426792,5.426793,5.426793,5.426794,5.426795,5.426796,5.426796,5.426797,5.426797,5.426798,5.426799,5.426799,5.426800,5.426801,5.426801,5.426802,5.426802,5.426956,5.427037,5.427038,5.427039,5.427039,5.427040,5.427041,5.427042,5.427042,5.427043,5.427044,5.427046,5.427047,5.427048,5.427048,5.427049,5.427050,5.431095,5.431096,5.431097,5.431098,5.431098,5.431099,5.431100,5.431100,5.431101,5.431102,5.431104,5.431106,5.431107,5.431108,5.431109,5.431110,5.431110,5.431111,5.431112,5.431113,5.431114,5.431115,5.431116,5.431116,5.431117,5.431118,5.431119,5.431120,5.431121,5.431122,5.431123,5.431123,5.431495,5.431495,5.431496,5.431497,5.431498,5.431499,5.431500,5.431500,5.431502,5.431502,5.431503,5.431504,5.431505,5.431505,5.431506,5.431507,5.431508,5.431509,5.431510,5.431510,5.431511,5.431512,5.431512,5.431515,5.431516,5.431517,5.431518,5.431518,5.431519,5.431520,5.431520,5.431521,5.431794,5.431795,5.431795,5.431796,5.431797,5.431797,5.431798,5.431799,5.431799,5.431800,5.431801,5.431803,5.431804,5.431805,5.431805,5.431806,5.431807,5.431807,5.431808,5.431809,5.431809,5.431810,5.431811,5.431811,5.431812,5.431812,5.431813,5.431814,5.431814,5.431815,5.431816,5.431816,5.432079,5.432080,5.432081,5.432081,5.432082,5.432082,5.432083,5.432084,5.432084,5.432085,5.432086,5.432088,5.432088,5.432089,5.432090,5.432090,5.432091,5.432092,5.432093,5.432094,5.432094,5.432095,5.432096,5.432096,5.432097,5.432098,5.432098,5.432099,5.432100,5.432101,5.432101,5.432102,5.433227,5.433228,5.433229,5.433230,5.433232,5.433232,5.433233,5.433234,5.433235,5.433236,5.433237,5.433240,5.433241,5.433242,5.433243,5.433244,5.433247,5.433248,5.433248,5.433249,5.433250,5.433250,5.433251,5.433252,5.433253,5.433254,5.433255,5.433255,5.433256,5.433257,5.433258,5.433259,5.433573,5.433574,5.433574,5.433575,5.433575,5.433576,5.433577,5.433577,5.433578,5.433579,5.433579,5.433580,5.433581,5.433582,5.433583,5.433584,5.433585,5.433586,5.433586,5.433587,5.433588,5.433589,5.433590,5.433590,5.433591,5.433592,5.433593,5.433593,5.433594,5.433595,5.433596,5.433597,5.433852,5.433853,5.433854,5.433854,5.433855,5.433855,5.433856,5.433857,5.433858,5.433858,5.433859,5.433860,5.433860,5.433861,5.433862,5.433862,5.433863,5.433863,5.433864,5.433865,5.433865,5.433866,5.433867,5.433867,5.433868,5.433869,5.433869,5.433870,5.433871,5.433871,5.433872,5.433873,5.434092,5.434092,5.434093,5.434093,5.434450,5.434451,5.434452,5.434453,5.434453,5.434454,5.434455,5.434457,5.434458,5.434459,5.434459,5.434460,5.434461,5.434462,5.434463,5.434464,5.434464,5.434465,5.434466,5.434466,5.434468,5.434468,5.434469,5.434470,5.434471,5.434472,5.434473,5.434473,5.434474,5.434475,5.434502,5.434502,5.434752,5.434752,5.434753,5.434753,5.434754,5.489305,40.454025,,52,40,40,1480,1480,1480,1480,195,40,219,111,40,1480,1480,1480,1480,1480,1480,1480,1480,1480,1480,1480,1480,1480,1480,1480,1480,1480,1480,1480,1480,1480,1480,1480,1480,1480,1480,1480,1480,1480,1480,1480,1480,1480,1480,1480,1480,1480,1480,1480,1480,1480,1480,1480,1480,1480,1480,1480,1480,1480,1480,1480,1480,1480,1480,1480,1480,1480,1480,1480,1480,1480,1480,1480,1480,1480,1480,1480,1480,1480,1480,1480,1480,1480,1480,1480,1480,1480,1480,1480,1480,1480,1480,1480,1480,1480,1480,1480,1480,1480,1480,1480,1480,1480,1480,1480,1480,1480,1480,1480,1480,1480,1480,1480,1480,1480,1480,1480,1480,1480,1480,1480,1480,1480,1480,1480,1480,1480,1480,1480,1480,1480,1480,1480,1480,1480,1480,1480,1480,1480,1480,1480,1480,1480,1480,1480,1480,1480,1480,1480,1480,1480,1480,1480,1480,1480,1480,1480,1480,1480,1480,1480,1480,1480,1480,1480,1480,1480,1480,1480,1480,1480,1480,1352,1480,1480,1480,1480,1480,1480,1480,1480,1480,1480,1480,1480,1480,1480,1480,1480,1480,1480,1480,1480,1480,1480,1480,1480,1480,1480,1480,168,1480,1480,1480,1480,1480,1352,1480,1480,1480,1480,1480,1480,1480,1480,1480,1480,1480,1480,1480,1480,1480,1480,1480,1480,1480,1480,1480,1480,1480,1480,1480,1480,1480,1480,1480,1480,1480,1480,1480,1480,1480,1480,1480,1480,1480,168,1480,1480,1352,1480,1480,1480,1480,1480,1480,1480,1480,1480,1480,1480,1480,1480,1480,1480,1480,1480,1480,1480,1480,1480,1480,1480,1480,1480,1480,1480,1480,1480,1480,1480,1480,1480,1480,1480,1480,1480,1480,1480,1480,1480,1480,168,1480,1480,1480,1480,1480,1480,1480,1480,1480,1480,1480,1480,1480,1480,1480,1480,1480,1480,1480,1480,1480,1480,1480,1480,1480,1480,1480,1480,1480,1480,1480,1480,1480,1480,1480,1480,1480,1480,1480,1480,1480,1480,1480,1480,1480,1480,1480,1480,1480,1480,1480,1480,1480,1480,1480,1480,1480,1480,1480,1480,1480,1480,1480,1480,1480,1480,1480,1480,1480,1480,1480,1480,1480,1480,1480,1480,1480,1480,1480,1480,1480,1480,1480,1480,1480,1480,1480,1480,1480,1480,1480,1480,1480,1480,1480,1480,1480,1480,1480,1480,1480,1480,1480,1480,1480,1480,1480,1480,1480,1480,1480,1480,1480,1480,1480,1480,833,1480,1480,1480,1480,1480,1480,1480,1480,1480,1480,1480,606,1480,1480,1480,1480,1480,1480,1480,1480,1480,1480,1480,606,1480,1480,1480,1480,1480,1480,1480,1480,1480,1480,1480,1480,1480,1480,1480,1480,1480,1480,1480,1480,1480,1480,1172,1480,1480,1480,1480,1480,1480,1480,1480,1480,1480,1480,1480,1480,1480,1480,1480,1480,1480,1480,1480,1480,1480,1480,1480,1480,1480,1480,1480,832,1480,1480,1480,1480,1480,1480,1480,1480,1480,1480,1480,606,1480,1480,1480,1480,1480,1480,1480,1480,1480,1480,1480,606,1480,1480,1480,1480,1480,1480,1480,1480,1480,1480,1480,1480,1480,1480,1480,1480,1480,1480,1480,1480,1480,1480,1172,1480,1480,1480,1480,1480,1480,1480,1480,1480,1480,1480,1480,1480,1480,1480,1480,1480,1480,1480,1480,1480,1480,1480,1480,1480,1480,1480,1480,1480,1480,1480,1480,1480,1480,1480,1480,1480,1480,1480,1480,1480,1480,1480,1480,1480,1480,1480,1480,1480,1480,1480,1480,1480,1480,1480,1480,1480,1480,1480,1480,1480,1480,1480,1480,1480,1480,1480,1480,1480,1480,1480,1480,1480,1480,1480,1480,1480,1480,1480,1480,1480,1480,1480,1480,1480,1480,1480,1480,1480,1480,1480,1480,1480,1480,1480,1480,1480,1480,1480,1480,1480,1480,1480,1480,1480,1480,1480,1480,1480,1480,1480,1480,1480,1480,1480,1480,1480,1480,1480,1480,1480,1480,1480,1480,1480,1480,1480,1480,1480,1480,1480,1480,1480,1480,1480,1480,1480,1480,1480,1480,1480,1480,1480,1480,1480,1480,1480,1480,1480,1480,1480,1480,1480,1480,1480,1480,1480,1480,1480,1480,1480,1480,1480,1480,1480,1480,1480,1480,1480,1480,1480,1480,1480,1480,1480,1480,1480,1480,1480,1480,1480,1480,1480,1480,1480,1480,1480,1480,1480,1480,1480,1480,1480,1480,1480,1480,1480,1480,1480,1480,1480,1480,1480,1480,1480,1480,1480,1480,1480,1480,1480,1480,1480,1480,1480,1480,1480,1480,1480,1480,1480,1480,1480,1480,1480,1480,1480,1480,1480,1480,1480,1480,1480,1480,1480,1480,1480,1480,1480,1480,1480,1480,1480,1480,1480,1480,1480,1480,1480,1480,1480,1480,1480,1480,1480,1480,1480,1480,1480,1480,1480,1480,1480,1480,1480,1480,1480,1480,1480,1480,1480,1480,1480,1480,1480,1480,1480,1480,1480,1480,187,40,40
sc_bot_a_264,13.224.245.11,443,10.0.0.8,62283,TCP,1786360101.372393600,91,0.000000,0.014903,0.014904,0.014905,0.014906,0.014907,0.015485,0.015486,0.031873,0.031874,0.031875,0.031878,0.034255,0.034256,0.034258,0.034260,0.034267,0.034269,0.034274,0.034276,0.036204,0.036205,0.036210,0.036211,0.040362,0.040367,0.040370,0.040371,0.040374,0.040375,0.040379,0.099794,0.743218,0.743221,0.743227,0.743230,0.743233,0.743234,0.743237,0.743239,0.743242,0.743251,0.743259,0.743260,0.743262,0.743266,0.743268,0.743272,0.743275,0.743278,0.743281,0.743284,0.743287,0.743289,0.743292,0.743294,0.743298,0.743301,0.743305,0.744399,0.744401,0.744402,0.744405,0.744407,0.744412,1.534977,1.534981,1.536964,1.536965,1.539288,1.539290,5.426377,5.426378,5.426379,5.426380,5.426380,5.426383,5.426384,5.426384,5.426385,5.426386,5.426387,5.426388,5.426388,5.426389,5.426390,5.426390,5.426391,5.426392,5.489302,40.454024,,52,40,40,1480,1480,1480,1480,195,40,219,102,71,1480,1480,1480,1480,1480,1480,1480,1480,1480,1480,1480,1480,1480,1480,1480,1480,1480,1480,286,40,40,40,1480,1480,1480,1231,1480,1480,1480,1480,691,40,1480,1480,1480,1480,1480,1480,1480,1480,1480,1480,1480,1480,1480,1480,1480,1480,1480,1480,1480,1480,914,1480,1418,1480,41,1480,70,1480,1480,1480,1480,1480,1480,1480,1480,1480,1480,1480,606,1480,1480,1480,1480,1480,531,40,40
sc_bot_a_264,13.224.245.11,443,10.0.0.8,62284,TCP,1786360101.372394400,11,0.000000,0.014907,0.014908,0.015481,0.015482,0.015483,0.015486,0.015487,0.031876,0.031876,0.031878,,52,40,40,1480,1480,1480,1480,195,40,219,40
sc_bot_a_264,3.169.64.50,443,10.0.0.8,62286,TCP,1786360102.116797600,12,0.000000,0.015490,0.015492,0.015493,0.015494,0.015495,0.015499,0.024334,0.024336,0.025816,0.778549,39.716857,,52,40,1480,1480,1480,1480,191,40,219,1010,1010,40
sc_bot_a_264,2606:4700:10::6814:2afa,443,2a06:c701:7540:db00:fc7a:d02f:72a8:54d3,62287,TCP,1786360102.664386800,19,0.000000,0.006873,0.011000,0.011001,0.011002,0.018733,0.018736,0.022826,0.022830,0.022831,0.068892,0.869653,0.870415,0.870417,0.870419,0.870420,0.870422,0.870422,39.161817,,72,60,1420,599,1420,572,91,448,658,91,60,60,379,1420,91,1420,1054,91,60
sc_bot_a_264,3.169.75.93,443,10.0.0.8,62288,TCP,1786360102.784107100,79,0.000000,0.020860,0.020861,0.020862,0.020863,0.020864,0.020866,0.020867,0.036252,0.036253,0.036254,0.036256,0.036257,0.036259,0.036260,0.036261,0.036262,0.036263,0.036264,0.036266,0.036269,0.036270,0.036272,0.038765,0.038767,0.038768,0.038769,0.038770,0.038771,0.038772,0.038772,0.038774,0.038775,0.038776,0.038779,0.038781,0.038782,0.039757,0.039759,0.041414,0.041415,0.041416,0.041417,0.041418,0.041419,0.041420,0.043578,0.043579,0.043582,0.043583,0.043584,0.043585,0.043586,0.043587,0.043587,0.043588,0.043589,0.043590,0.043591,0.043592,0.043593,0.043593,0.043883,0.043884,0.043885,0.043886,0.043886,0.051114,0.051116,0.051117,0.051118,0.051120,0.051121,0.051125,0.051126,0.051128,0.051129,0.051131,39.040588,,52,40,40,1480,1480,1480,1480,193,40,219,111,1480,1480,1480,1480,1480,1480,1480,1480,1480,1480,1480,606,1480,1480,1480,1480,1480,1480,1480,1480,1480,1480,1480,1480,1480,1480,1480,1480,1480,1480,1480,1480,1480,1480,1480,1480,1480,1480,1480,1480,1480,1480,1480,1480,1480,1480,1480,1480,1480,1480,1480,1480,1480,1480,1480,1480,1480,1480,1480,1480,1480,1480,1480,1480,1480,1480,1139,40
sc_bot_a_264,2a00:1288:80:807::1,443,2a06:c701:7540:db00:fc7a:d02f:72a8:54d3,62290,TCP,1786360102.881726300,19,0.000000,0.059585,0.060053,0.063306,0.063308,0.063309,0.063310,0.063312,0.063318,0.138436,0.138437,0.138438,0.138440,0.138441,0.169637,0.169639,0.229031,39.003892,39.003893,,72,60,60,1280,1280,1280,496,1280,877,363,363,128,60,91,334,91,60,84,60
sc_bot_a_264,135.125.170.108,443,10.0.0.8,62292,TCP,1786360102.897322500,73,0.000000,0.065819,0.065821,0.065822,0.065827,0.065828,0.134667,0.134671,0.134674,0.134683,0.134686,0.134690,0.134692,0.238500,1.605772,1.605772,1.605773,1.605777,1.605778,1.605780,4.637530,4.637531,4.875655,4.875657,4.875659,4.875661,4.875662,4.972699,4.972701,4.972703,4.972704,5.079246,5.359715,5.359718,5.359719,5.359721,5.359723,5.468689,5.768114,5.768117,5.768118,5.768119,5.776063,5.870196,6.124385,6.126483,6.126485,6.126485,6.230801,6.541506,6.542798,6.542800,6.542801,6.542802,6.651482,6.924435,6.924437,6.924438,6.924439,7.027396,7.366485,7.366486,7.366487,7.366489,7.469846,7.610116,7.610436,7.610440,7.610441,7.714445,13.670802,13.670803,13.730285,,52,52,40,1492,917,1492,119,119,98,40,88,686,90,40,40,40,88,1492,102,71,356,71,40,88,1492,1492,191,1492,1492,345,71,40,40,1492,1492,170,71,40,40,328,1492,1492,71,40,40,1492,357,1492,40,40,1492,1492,295,71,40,40,405,1492,1492,40,40,1492,488,1492,40,40,1492,478,71,40,79,64,40
sc_bot_a_264,2a02:2638:d::50,443,2a06:c701:7540:db00:fc7a:d02f:72a8:54d3,62293,TCP,1786360102.909356000,12,0.000000,0.077733,0.077738,0.077740,0.077741,0.154625,0.154640,0.154641,0.274108,10.155063,10.235778,10.235782,,72,1488,860,60,1488,60,654,508,60,99,84,60
sc_bot_a_264,3.169.64.102,443,10.0.0.8,62294,TCP,1786360102.911684900,48,0.000000,0.009791,0.009792,0.009793,0.009794,0.009794,0.011668,0.011670,0.020843,0.020845,0.020846,0.020848,0.020848,0.022069,0.022070,0.022073,0.022074,0.022076,0.022077,0.022078,0.022079,0.022080,0.022081,0.022082,0.022086,0.022088,0.022089,0.022090,0.022091,0.022406,0.022407,0.022407,0.022408,0.022409,0.022410,0.022410,0.022411,0.023729,0.023730,0.023731,0.029615,0.029617,0.029619,0.029621,0.029622,0.029624,0.030092,38.917803,,52,40,40,1480,1480,1480,1480,195,40,219,102,71,40,1480,1480,1480,1480,1480,1480,1480,1480,1480,1480,1480,606,1480,1480,1480,1480,1442,1480,1480,1480,1480,1480,1480,1480,1480,1480,1480,1480,1480,1480,1480,1480,1480,625,40
sc_bot_a_264,37.19.206.164,443,10.0.0.8,62289,TCP,1786360102.949429000,14,0.000000,0.141516,0.141517,0.141518,0.141519,0.141520,0.141521,0.286616,0.286617,0.288811,0.466728,10.289576,10.441865,10.441872,,52,40,1492,1492,1492,1492,1214,40,98,265,40,79,64,40
sc_bot_a_264,47.131.11.141,443,10.0.0.8,62291,TCP,1786360103.051366500,18,0.000000,0.214483,0.214486,0.214487,0.214491,0.437489,0.437491,0.438664,0.438668,0.694094,7.140233,7.149717,7.399904,7.670842,7.676010,7.932310,38.978345,38.978346,,52,40,1492,1492,1389,244,118,883,78,40,40,1028,40,40,485,40,71,40
sc_bot_a_264,2a02:2638:d::50,443,2a06:c701:7540:db00:fc7a:d02f:72a8:54d3,62295,TCP,1786360103.131551600,12,0.000000,0.066544,0.066548,0.066550,0.066551,0.134288,0.134297,0.134305,0.202611,10.137304,10.211236,10.211239,,72,1488,860,60,1488,60,654,901,60,99,84,60
sc_bot_a_264,2600:9000:21b3:2a00:7:eef6:d440:93a1,443,2a06:c701:7540:db00:fc7a:d02f:72a8:54d3,55578,UDP,1786360103.231746100,20,0.000000,0.002071,0.002072,0.002074,0.002091,0.002097,0.023189,0.023191,0.023194,0.023195,0.023196,0.023197,0.023197,0.023198,0.023199,0.023200,0.023201,0.059827,0.136342,0.138041,,1248,1248,1248,1248,1248,922,112,91,1248,1248,1248,1248,1248,1248,1248,312,1071,91,91,91
sc_bot_a_264,2a00:1450:4028:804::2002,443,2a06:c701:7540:db00:fc7a:d02f:72a8:54d3,51066,UDP,1786360103.276724000,23,0.000000,0.000007,0.000010,0.000012,0.053159,0.053160,0.053161,0.053163,0.053164,0.059426,0.059428,0.063051,0.063054,0.067041,0.067043,0.067044,0.203562,0.211966,0.244005,5.328470,5.457118,5.457120,5.488647,,88,1278,1278,1278,1278,1278,1278,229,90,1278,162,1020,185,75,73,75,354,69,72,76,117,69,72
sc_bot_a_264,54.75.249.201,443,10.0.0.8,62296,TCP,1786360103.305493100,9,0.000000,0.074662,0.074664,0.074665,0.074668,0.150550,0.228929,38.595248,38.595249,,52,40,1492,1492,1407,91,1271,71,40
sc_bot_a_264,2a00:1450:4028:806::2008,443,2a06:c701:7540:db00:fc7a:d02f:72a8:54d3,62297,TCP,1786360103.338904400,11,0.000000,0.010879,0.010880,0.077041,0.077042,0.077043,0.077047,0.077048,0.085343,0.085347,0.085348,,72,60,60,1280,1280,1280,1280,1123,60,1038,60
sc_bot_a_264,2a00:1450:4028:806::2008,443,2a06:c701:7540:db00:fc7a:d02f:72a8:54d3,62298,TCP,1786360103.340373900,705,0.000000,0.013940,0.074050,0.074052,0.074052,0.074054,0.074054,0.079778,0.084400,0.084404,0.085521,0.085523,0.097705,0.161678,0.161679,0.161681,0.161682,0.161683,0.163773,0.163777,0.163778,0.163779,0.163780,0.163781,0.163782,0.163783,0.163784,0.165976,0.169942,0.169944,0.169946,0.169948,0.169950,0.169952,0.169954,0.169955,0.169958,0.169959,0.169962,0.169968,0.169972,0.169973,0.171794,0.171795,0.171796,0.171796,0.171797,0.171798,0.171800,0.171800,0.174394,0.174396,0.174397,0.174398,0.174401,0.174402,0.177989,0.177991,0.177992,0.177992,0.177993,0.177994,0.177995,0.177996,0.177997,0.177998,0.177999,0.178000,0.178001,0.178004,0.178005,0.180548,0.180550,0.180552,0.180553,0.180554,0.180555,0.180557,0.180558,0.180559,0.180560,0.180562,0.180563,0.180564,0.181872,0.181874,0.181874,0.181875,0.181876,0.181877,0.181878,0.181878,0.181879,0.181880,0.181881,0.181885,0.237765,0.240162,0.240165,0.240167,0.240170,0.240172,0.240174,0.240175,0.240177,0.240184,0.240185,0.240187,0.240188,0.240195,0.242072,0.242073,0.242075,0.242077,0.242078,0.242080,0.242081,0.242083,0.242085,0.242086,0.242088,0.242089,0.242094,0.242102,0.243996,0.243997,0.243998,0.243999,0.244000,0.244002,0.244003,0.244004,0.244005,0.244007,0.244008,0.244009,0.244010,0.244019,0.252739,0.252740,0.252742,0.252743,0.252744,0.255380,0.255382,0.255383,0.255390,0.255391,0.255393,0.255395,0.255396,0.255417,0.308153,0.308157,0.308158,0.308160,0.308161,0.308166,0.308168,0.308169,0.308170,0.308171,0.308172,0.308173,0.308175,0.308180,0.312218,0.312222,0.312225,0.312228,0.312231,0.312234,0.312236,0.312239,0.312242,0.312245,0.312248,0.312257,0.312260,0.312273,0.314131,0.314133,0.314134,0.314136,0.314137,0.314139,0.314140,0.314142,0.314143,0.314145,0.314146,0.314147,0.314148,0.314159,0.333011,0.333013,0.333015,0.333017,0.333019,0.333020,0.333022,0.333024,0.333025,0.333027,0.333028,0.333030,0.333034,0.333041,0.333042,0.333044,0.333046,0.333047,0.333049,0.333050,0.333052,0.333054,0.333055,0.333057,0.333058,0.333060,0.333062,0.333064,0.333066,0.333067,0.333069,0.333071,0.333810,0.333811,0.333813,0.333814,0.333815,0.333816,0.333818,0.333819,0.333821,0.333826,0.333828,0.333829,0.333830,0.333836,0.333837,0.333839,0.333840,0.333842,0.333843,0.333845,0.333846,0.333848,0.333849,0.333852,0.333853,0.333855,0.333856,0.333865,0.333867,0.333869,0.333870,0.333872,0.334434,0.334435,0.334437,0.334438,0.334440,0.337818,0.337819,0.337827,0.361359,0.898465,0.955649,0.965159,0.974734,0.974736,0.974737,0.974738,0.974739,0.974740,0.974740,0.974741,0.974745,0.974746,0.974746,0.974747,0.974748,0.974751,0.979342,0.979344,0.979345,0.979346,0.979347,0.979348,0.979350,0.979351,0.979352,0.979353,0.979354,0.979363,0.979365,0.979370,0.984780,0.984782,0.984783,0.984784,0.984785,0.984786,0.984787,0.984788,0.984790,0.984791,0.984792,0.984793,0.984798,0.984804,1.032673,1.032675,1.032676,1.032677,1.032678,1.032678,1.032679,1.032680,1.032681,1.032682,1.032683,1.032684,1.032684,1.032691,1.032692,1.032692,1.032693,1.034713,1.034715,1.034716,1.034717,1.034718,1.034719,1.034721,1.034722,1.034723,1.034724,1.034730,1.037914,1.037919,1.037920,1.037922,1.037923,1.037924,1.037926,1.037927,1.037930,1.037931,1.037932,1.037934,1.037935,1.037940,1.039045,1.039046,1.039047,1.039048,1.039049,1.039050,1.039052,1.039054,1.039055,1.039056,1.039057,1.039062,1.039063,1.039069,1.041083,1.041084,1.041085,1.041086,1.042750,1.042752,1.042754,1.042755,1.042756,1.042757,1.042758,1.042759,1.042764,1.042770,1.046740,1.046741,1.046742,1.046742,1.046743,1.046744,1.046745,1.046746,1.046747,1.046748,1.046748,1.050676,1.050682,1.050687,1.050688,1.050690,1.050691,1.050692,1.050693,1.050694,1.050695,1.050696,1.050698,1.050699,1.050701,1.050702,1.050703,1.050705,1.052784,1.052785,1.052786,1.052787,1.052788,1.052789,1.052790,1.052790,1.052791,1.052792,1.052793,1.052794,1.052797,1.052802,1.103041,1.103043,1.103044,1.103045,1.103046,1.105321,1.105327,1.105331,1.105334,1.105336,1.105338,1.105341,1.105343,1.105351,1.108882,1.108887,1.108888,1.108889,1.108890,1.108892,1.108893,1.108894,1.108895,1.108896,1.108897,1.108898,1.108900,1.108904,1.110756,1.110758,1.110758,1.110759,1.110760,1.110761,1.110762,1.110763,1.112650,1.112651,1.112652,1.112653,1.112654,1.112661,1.117588,1.117589,1.117590,1.117592,1.117593,1.117594,1.117596,1.117597,1.117598,1.117599,1.117600,1.117601,1.117603,1.117613,1.117615,1.117616,1.117617,1.117618,1.117620,1.117621,1.117622,1.117624,1.118776,1.118777,1.118778,1.118778,1.118779,1.118787,1.120575,1.120576,1.123019,1.123021,1.123022,1.123023,1.123025,1.123027,1.123028,1.123030,1.123031,1.123032,1.123033,1.123043,1.126908,1.126909,1.126910,1.126911,1.126912,1.126912,1.126913,1.126914,1.126915,1.126916,1.126917,1.126918,1.126919,1.126929,1.130872,1.130873,1.130874,1.130875,1.130876,1.130876,1.130877,1.130878,1.130879,1.130880,1.130881,1.130882,1.130883,1.130893,1.135294,1.135295,1.135297,1.135298,1.135299,1.135300,1.135302,1.135303,1.135304,1.135306,1.135307,1.135308,1.135309,1.135323,1.140954,1.140956,1.140956,1.140957,1.140958,1.140959,1.140960,1.140961,1.140962,1.140962,1.140964,1.140964,1.140965,1.140978,1.142804,1.142806,1.142807,1.142808,1.142809,1.142810,1.142811,1.142812,1.142816,1.142818,1.156661,1.181974,1.181975,1.181977,1.181979,1.181980,1.181981,1.181983,1.181984,1.181989,1.181990,1.181992,1.181994,1.181996,1.182000,1.182002,1.182003,1.182005,1.182006,1.182008,1.182009,1.182011,1.182012,1.182014,1.182016,1.182018,1.182019,1.182021,1.182802,1.186880,1.186882,1.186884,1.186885,1.186887,1.186888,1.186889,1.186890,1.186892,1.186894,1.186895,1.186896,1.186901,1.186903,1.186904,1.186906,1.186907,1.186909,1.186910,1.186917,1.186918,1.186920,1.186922,1.187549,1.187551,1.187552,1.187553,1.187559,1.187560,1.187561,1.187563,1.187564,1.187565,1.187566,1.187568,1.187569,1.187572,1.187574,1.187575,1.187936,1.187938,1.187941,1.187942,1.187944,1.189474,1.189476,1.189477,1.189479,1.189480,1.189481,1.189482,1.189484,1.189487,1.189488,1.189490,1.189495,1.192243,1.192244,1.192248,1.192249,1.193043,1.193045,1.193046,1.193048,1.193049,1.193050,1.193052,1.193053,1.193058,1.193066,1.193067,1.193069,1.193070,1.193071,1.193073,1.193074,1.193076,1.195476,1.195479,1.195481,1.195483,1.195485,1.195486,1.195500,1.195502,1.195504,1.195506,1.195507,1.195513,1.195516,1.195523,1.195525,1.195527,1.195966,1.195967,1.195968,1.195970,1.195971,1.195972,1.195974,1.210744,38.486042,,72,60,1280,1280,1280,1122,1280,1280,60,1038,91,60,60,414,1280,1280,1280,1280,1280,1280,1280,1280,1280,1280,1280,1280,461,161,1280,1280,1280,1280,1280,1280,1280,1280,1280,1280,1280,1280,1280,1280,1280,1280,1280,1280,1280,1280,1280,1280,1280,1280,1280,1280,1280,1280,1280,1280,1280,1280,1280,1280,1280,1280,1280,1280,1280,1280,1280,1280,1280,1280,1280,1280,1280,1280,1280,1280,1280,1280,1280,554,1280,1280,1280,1280,1280,1280,1280,1280,1280,1280,1280,1280,1280,901,1280,1280,1280,1280,1280,1280,1280,1280,1280,1280,1280,1280,1280,889,1280,1280,1280,1280,1280,1280,1280,1280,1280,1280,1280,1280,1280,901,1280,1280,1280,1280,1280,1280,1280,1280,1280,1280,1280,1280,1280,889,1280,1280,1280,1280,1280,1280,1280,1280,1280,1280,1280,1280,1280,901,1280,1280,1280,1280,1280,1280,1280,1280,1280,1280,1280,1280,1280,901,1280,1280,1280,1280,1280,1280,1280,1280,1280,1280,1280,1280,1280,901,1280,1280,1280,1280,1280,1280,1280,1280,1280,1280,1280,1280,1280,901,1280,1280,1280,1280,1280,1280,1280,1280,1280,1280,1280,1280,1280,901,1280,1280,1280,1280,1280,1280,1280,1280,1280,1280,1280,1280,1280,901,1280,1280,1280,1280,1280,1280,1280,1280,1280,1280,1280,1280,1280,901,1280,1280,1280,1280,1280,1280,1280,1280,1280,1280,1280,1280,1280,901,1280,1280,1280,644,91,99,1280,1280,1280,1280,1280,1280,1280,1280,1280,908,60,60,60,60,160,1280,1280,1280,1280,1280,1280,1280,1280,1280,1280,1280,1280,436,1280,1280,1280,1280,1280,1280,1280,1280,1280,1280,1280,1280,1280,901,1280,1280,1280,1280,1280,1280,1280,1280,1280,1280,1280,1280,1280,901,138,1280,1280,1280,1280,1280,1280,1280,1280,1280,1280,1280,1280,472,1280,1280,1280,1280,1280,1280,1280,1280,1280,1280,1280,1280,1280,901,138,1280,1280,1280,1280,1280,1280,1280,1280,1280,1280,1280,1280,471,1280,1280,1280,1280,1280,1280,1280,1280,1280,1280,1280,1280,1280,901,1280,1280,1280,1280,1280,1280,1280,1280,1280,1280,1280,1280,1280,901,1280,1280,1280,1280,1280,1280,1280,1280,1280,1280,1280,1280,1280,901,1280,1280,1280,1280,1280,1280,1280,1280,1280,1280,1280,1280,1280,889,1280,1280,1280,1280,1280,1280,1280,1280,1280,1280,1280,1280,1280,901,1280,1280,1280,1280,1280,1280,1280,1280,1280,1280,1280,1280,1280,889,1280,1280,1280,1280,1280,1280,1280,1280,1280,1280,1280,1280,1280,901,1280,1280,1280,1280,1280,1280,1280,1280,1280,1280,1280,1280,1280,889,1280,1280,1280,1280,1280,1280,1280,1280,1280,1280,1280,1280,1280,901,1280,1280,1280,1280,1280,1280,1280,1280,1280,1280,1280,1280,1280,901,1280,1280,1280,1280,1280,1280,1280,1280,1280,1280,1280,1280,1280,901,1280,1280,1280,1280,1280,1280,1280,1280,1280,1280,1280,1280,1280,901,1280,1280,1280,1280,1280,1280,1280,1280,1280,1280,1280,1280,1280,901,1280,1280,1280,1280,1280,1280,1280,1280,1280,1280,1280,1280,1280,901,1280,1280,1280,1280,1280,1280,1280,1280,1280,1280,1280,1280,1280,901,1280,1280,1280,1280,1280,1280,1280,1280,687,99,60,1280,1280,1280,1280,1280,1280,1280,1280,1280,1280,1280,1280,1280,901,1280,1280,1280,1280,1280,1280,1280,1280,1280,1280,1280,1280,1280,901,1280,1280,1280,1280,1280,1280,1280,1280,1280,1280,1280,1280,1280,1280,1280,1280,1280,1280,1280,901,1280,1280,1280,1280,1280,1280,1280,901,1280,1280,1280,1280,1280,1280,1280,1280,1280,1280,1280,1280,1280,901,1280,1280,1280,1280,1280,1280,1280,1280,1280,1280,1280,1280,1280,901,1280,1280,1280,1280,1280,1280,1280,1280,1280,1280,1280,1280,1280,901,1280,1280,1280,1280,1280,1280,1280,1280,1280,1280,1280,1280,1280,901,1280,1280,1280,1280,893,91,99,1280,1280,1280,1280,1280,1280,1280,1280,1161,60,60
sc_bot_a_264,2a00:1450:4001:c21::54,443,2a06:c701:7540:db00:fc7a:d02f:72a8:54d3,62299,TCP,1786360103.393996700,172,0.000000,0.062049,0.070431,0.070438,0.070443,0.070444,0.131096,0.140420,0.140998,0.142559,0.184137,0.184140,0.184141,0.186574,0.186576,0.188480,0.188482,0.193101,0.193103,0.199112,0.199114,0.201796,0.201797,0.204314,0.204318,0.210143,0.244910,0.244915,0.244922,0.244926,0.250446,0.250452,0.322795,3.453386,3.453386,3.484728,3.484732,3.484733,3.484733,3.484734,3.485630,3.485630,3.487458,3.487459,3.490024,3.490024,3.493450,3.493452,3.495830,3.495830,3.497392,3.497392,3.501383,3.501384,3.503764,3.503764,3.506549,3.506550,3.510187,3.510188,3.512637,3.512638,3.513407,3.513408,3.517609,3.517610,3.519436,3.519437,3.521558,3.521559,3.525591,3.543599,3.543600,3.543600,3.543601,3.547498,3.547498,3.549496,3.549496,3.551536,3.551537,3.555466,3.555466,3.557564,3.557565,3.559792,3.559793,3.563566,3.563568,3.565527,3.565528,3.567533,3.567534,3.571540,3.571541,3.573756,3.573757,3.576306,3.576308,3.577538,3.577539,3.581572,3.581573,3.583615,3.583615,3.586230,3.586230,3.587645,3.587646,3.590412,3.590413,3.592420,3.592421,3.594234,3.594234,3.596108,3.596109,3.597590,3.597590,3.599845,3.599846,3.602168,3.602168,3.605691,3.606308,3.606308,3.606309,3.606309,3.608269,3.608270,3.610729,3.610730,3.610731,3.610731,3.611850,3.611853,3.628214,3.628215,3.628216,3.628217,3.628218,3.628219,3.628220,3.628220,3.628222,3.628222,3.628223,3.628224,3.628225,3.628228,3.628229,3.628230,3.628231,3.628234,3.628235,3.628236,3.628237,3.628238,3.628239,3.628240,3.628241,3.628242,3.630415,3.630416,3.631650,3.631651,3.631652,3.631652,3.633546,3.633547,3.665603,38.483640,,72,60,1280,1280,476,1280,1280,1028,91,60,858,1280,1280,1280,1280,1280,1280,1280,1280,1280,1280,1280,1280,1280,1280,60,1280,1280,1280,1280,1280,949,60,60,60,326,1280,1280,1280,1280,1280,1280,1280,1280,1280,1280,1280,1280,1280,1280,1280,1280,1280,1280,1280,1280,1280,1280,1280,1280,1280,1280,1280,1280,1280,1280,1280,1280,1280,1280,1280,1280,1280,1280,1280,1280,1280,1280,1280,1280,1280,1280,1280,1280,1280,1280,1280,1280,1280,1280,1280,1280,1280,1280,1280,1280,1280,1280,1280,1280,1280,1280,1280,1280,1280,1280,1280,1280,1280,1280,1280,1280,1280,1280,1280,1280,1280,1280,1280,1280,1280,1280,1280,1280,1280,1280,1280,1280,1280,1280,1280,1280,1280,1280,1280,1280,1280,1280,1280,1280,1280,1280,1280,1280,1280,1280,1280,1280,1280,1280,1280,1280,1280,1280,1280,1280,1280,1280,1280,1280,1280,1280,1280,1280,1280,1280,1280,1280,1280,220,60,60
sc_bot_a_264,2620:116:800d:21:de2e:c7b3:55c0:d5a0,443,2a06:c701:7540:db00:fc7a:d02f:72a8:54d3,62300,TCP,1786360103.397801300,33,0.000000,0.062883,0.062887,0.062891,0.062900,0.064162,0.136604,0.136606,0.136607,0.136608,0.136610,0.136611,0.136612,0.136614,0.137195,0.137196,0.138759,0.138760,0.143827,0.252308,4.138414,4.138420,4.288611,4.288613,4.290524,4.290526,4.294468,4.297467,37.921346,37.921348,37.921348,38.033244,38.483810,,72,1300,1488,60,1488,530,60,334,138,1488,1488,1218,1488,1488,1488,1488,1488,1488,518,60,60,1149,1488,1488,1488,1390,60,248,60,106,248,60,60
sc_bot_a_264,3.169.75.93,443,10.0.0.8,62301,TCP,1786360103.458448000,16,0.000000,0.008245,0.008247,0.008249,0.008250,0.011621,0.011623,0.022022,0.022024,0.022025,0.022027,0.022031,0.022032,0.022034,0.076551,38.371041,,52,40,1480,1480,1480,1480,193,40,219,102,71,1480,1480,336,40,40
sc_bot_a_264,143.204.226.49,443,10.0.0.8,62302,TCP,1786360103.480476600,14,0.000000,0.011516,0.011518,0.011519,0.011520,0.015064,0.015066,0.025870,0.025872,0.025874,0.029833,0.029837,0.075565,38.345941,,52,40,1480,1480,1480,1480,214,40,219,111,1480,356,40,40
sc_bot_a_264,178.250.7.145,443,10.0.0.8,62303,TCP,1786360103.616450500,12,0.000000,0.084918,0.084922,0.084928,0.084935,0.186161,0.186173,0.191930,0.293951,10.193714,10.262641,10.262643,,52,40,1492,1492,792,40,634,470,40,79,64,40
sc_bot_a_264,135.125.170.96,443,10.0.0.8,62304,TCP,1786360103.644440000,19,0.000000,0.072338,0.072339,0.072341,0.072343,0.072345,0.072350,0.156994,0.156999,0.158425,0.159848,0.159851,0.262067,3.890422,3.891772,3.891773,9.890034,9.891862,9.950069,,52,52,40,1492,1492,1232,585,119,119,98,367,90,40,40,366,90,79,64,40
sc_bot_a_264,2606:4700:10::6814:170d,443,2a06:c701:7540:db00:fc7a:d02f:72a8:54d3,62306,TCP,1786360103.677879800,43,0.000000,0.019785,0.038394,0.038398,0.038399,0.038409,0.044682,0.066821,0.066834,0.074786,0.074789,0.074791,0.074793,0.074795,0.074797,0.074798,0.074800,0.075358,0.075360,0.075363,0.075374,0.075376,0.075378,0.075380,0.075382,0.075384,0.075386,0.075388,0.075389,0.075391,0.075393,0.075395,0.075397,0.075398,0.075401,0.075402,0.075405,0.075407,0.075409,0.075410,0.075422,0.119116,38.148325,,72,60,60,1420,1420,607,607,60,581,449,1420,91,1420,1420,122,1420,1420,1420,1420,184,1420,1420,1420,1420,1420,215,1420,1420,1420,1420,1420,1420,1420,1420,1420,1420,370,1420,1420,1420,931,60,60
sc_bot_a_264,13.224.245.115,443,10.0.0.8,62305,TCP,1786360103.683199000,22,0.000000,0.033567,0.033570,0.033571,0.033573,0.033575,0.033577,0.075560,0.075562,0.075564,0.075567,0.075568,0.075569,0.075570,0.075572,0.075573,0.078724,0.078726,0.078734,0.078743,0.129812,38.146291,,52,40,1480,1480,1480,1480,185,40,219,111,1480,1480,1480,1480,1480,1480,1480,1480,1480,962,40,40
sc_bot_a_264,95.100.135.16,443,10.0.0.8,62307,TCP,1786360103.756221900,32,0.000000,0.066861,0.066864,0.066865,0.066867,0.072776,0.126366,0.188702,0.188706,0.188708,0.192862,0.192864,0.192866,0.192868,0.192874,0.192876,0.192877,0.192878,0.192880,0.197886,0.197888,0.200375,0.200378,0.204253,0.248338,0.248343,0.250288,0.250289,0.255088,0.292979,38.125391,38.129141,,52,40,1492,1492,1232,1492,252,343,343,40,101,71,245,1492,1492,1492,1492,1492,1492,1492,1492,1492,1492,1492,1492,1492,1492,1492,338,40,64,40
sc_bot_a_264,2600:9000:2113:de00:6:44e3:f8c0:93a1,443,2a06:c701:7540:db00:fc7a:d02f:72a8:54d3,62308,TCP,1786360103.781071400,16,0.000000,0.007238,0.014464,0.014466,0.014468,0.014470,0.014471,0.014474,0.014475,0.028841,0.028844,0.028846,0.030187,0.033798,0.081302,38.045344,,72,60,1280,1280,1280,1280,1280,60,1137,60,239,122,91,529,60,60
sc_bot_a_264,13.224.245.112,443,10.0.0.8,62309,TCP,1786360103.802867500,29,0.000000,0.008384,0.010146,0.010149,0.010152,0.010155,0.010157,0.010160,0.010162,0.021889,0.021892,0.021894,0.026128,0.026132,0.073579,0.103642,0.103644,0.103645,0.103647,0.187959,0.246332,0.261738,0.261740,0.352042,0.352044,0.424706,0.447564,0.447571,38.026621,,52,40,40,1480,1480,1480,1480,1480,142,40,219,102,40,71,40,1480,1480,409,71,40,40,500,71,696,71,40,697,71,40
sc_bot_a_264,178.250.7.145,443,10.0.0.8,62310,TCP,1786360103.878358600,12,0.000000,0.070365,0.070368,0.070369,0.072051,0.142324,0.142339,0.142341,0.258361,10.143648,10.212555,10.212557,,52,40,1492,1492,792,40,634,1026,40,79,64,40
sc_bot_a_264,2600:9000:21b3:c600:7:eef6:d440:93a1,443,2a06:c701:7540:db00:fc7a:d02f:72a8:54d3,62031,UDP,1786360104.008978200,19,0.000000,0.000004,0.000007,0.000009,0.000021,0.012048,0.012050,0.017839,0.017842,0.017857,0.017858,0.017860,0.017862,0.017863,0.017864,0.017869,0.055631,0.127908,0.127909,,1248,1248,1248,1248,922,112,91,1248,1248,566,1248,1248,1248,1248,1248,860,91,91,91
sc_bot_a_264,2001:4860:4802:32::178,443,2a06:c701:7540:db00:fc7a:d02f:72a8:54d3,62311,TCP,1786360104.220734600,38,0.000000,0.009996,0.075283,0.075284,0.075285,0.075286,0.075287,0.084799,0.084800,0.084801,0.084802,0.084803,0.086541,0.086547,0.086548,0.086550,0.086551,0.086553,0.086554,0.086555,0.086557,0.086558,0.086559,0.086561,0.086562,0.088225,0.088226,0.088227,0.088227,0.088228,0.088234,0.098979,0.596435,0.648769,0.650754,0.650755,0.656678,37.605682,,72,60,1280,1280,1280,1122,1280,1280,60,60,60,1038,680,1280,1280,1280,1280,1280,1280,1280,1280,1280,1280,1280,1280,1280,1280,1280,1280,1280,575,60,60,488,91,99,60,60
sc_bot_a_264,2a00:1450:4028:806::2008,443,2a06:c701:7540:db00:fc7a:d02f:72a8:54d3,58310,UDP,1786360104.236739300,140,0.000000,0.002102,0.002104,0.002105,0.068786,0.068788,0.068789,0.068791,0.068792,0.080534,0.080536,0.104108,0.906957,1.029406,1.029407,1.029408,1.029409,1.029409,1.029410,1.029411,1.029412,1.029412,1.029413,1.029414,1.029417,1.029423,1.039063,1.039064,1.039065,1.039066,1.039067,1.039067,1.039068,1.039069,1.039069,1.039070,1.039071,1.039072,1.039075,1.039088,1.039474,1.039475,1.039476,1.039476,1.039477,1.039478,1.039480,1.039481,1.039482,1.039482,1.039483,1.039484,1.039485,1.039493,1.097067,1.103453,1.103454,1.103455,1.103456,1.103456,1.103457,1.103458,1.103458,1.103459,1.103460,1.103463,1.103463,1.103464,1.103472,1.107312,1.107312,1.107313,1.107314,1.107315,1.107316,1.107316,1.107317,1.109276,1.109277,1.109278,1.109280,1.109282,1.109290,1.171550,1.171551,1.171552,1.171553,1.171554,1.171555,1.171556,1.171557,1.171560,1.171560,1.171561,1.171562,1.171563,1.171574,1.183626,1.183627,1.183628,1.183628,1.183629,1.183630,1.183631,1.183631,1.183632,1.183633,1.183634,1.183635,1.183637,1.183646,1.183647,1.183648,1.183649,1.183649,1.183651,1.183651,1.183652,1.183653,1.183654,1.183655,1.183656,1.183656,1.183657,1.183660,1.189397,1.189399,1.189400,1.189401,1.189402,1.189402,1.189403,1.189404,1.189405,1.189406,1.189406,1.189407,1.189411,1.189412,1.189418,,88,1278,1278,1278,1278,1278,1278,267,92,1010,185,72,76,1274,1278,1278,1278,1278,1278,1278,1278,1278,1278,1278,1278,580,1273,1278,1278,1278,1278,1278,1278,1278,1278,1278,1278,1278,1278,789,1271,1278,1278,1278,1278,1278,1278,1278,1278,1278,1278,1278,1278,790,72,1271,1278,1278,1278,1278,1278,1278,1278,1278,1278,1278,1278,1278,790,1271,1278,1278,1278,1278,1278,1278,1278,1278,1278,1278,1278,1278,804,1271,1278,1278,1278,1278,1278,1278,1278,1278,1278,1278,1278,1278,804,1271,1278,1278,1278,1278,1278,1278,1278,1278,1278,1278,1278,1278,810,1271,1278,1278,1278,1278,1278,1278,1278,1278,1278,1278,1278,1278,804,1271,1278,1278,1278,1278,1278,1278,1278,1278,1278,1278,1278,1278,1278,628
sc_bot_a_264,2a00:1450:4028:804::2002,443,2a06:c701:7540:db00:fc7a:d02f:72a8:54d3,52500,UDP,1786360104.349037300,25,0.000000,0.000001,0.000002,0.000011,0.012140,0.030389,0.049508,0.058274,0.058278,0.058281,0.058283,0.058657,0.065815,0.065817,0.065817,0.132317,0.135896,0.140226,0.874731,0.913241,0.914687,0.918695,0.970768,0.970770,1.001011,,88,88,1278,1278,1278,1278,1278,1278,334,992,99,72,168,71,75,343,69,76,76,129,69,76,264,69,72
sc_bot_a_264,2600:9000:2113:e00:5:c156:4340:93a1,443,2a06:c701:7540:db00:fc7a:d02f:72a8:54d3,61148,UDP,1786360104.349040200,32,0.000000,0.000001,0.000002,0.000002,0.000007,0.009893,0.009894,0.012139,0.012140,0.012141,0.012142,0.012143,0.012144,0.012149,0.012150,0.012150,0.012153,0.012154,0.012155,0.012156,0.012157,0.012158,0.012159,0.012160,0.049919,0.081466,0.081469,0.141904,0.141905,0.147996,0.154052,0.173306,,1248,1248,1248,1248,946,107,91,1248,1248,1248,1248,1248,1248,863,1248,1248,1248,1248,1248,1248,1248,1248,93,91,91,91,91,91,91,1374,1437,1468
sc_bot_a_264,135.125.170.103,443,10.0.0.8,62312,TCP,1786360104.445699100,16,0.000000,0.076636,0.076638,0.076640,0.076645,0.149890,0.149892,0.149894,0.149895,0.149908,0.253866,6.148260,6.148261,6.148262,6.207625,6.207626,,52,40,1492,1492,917,119,119,40,98,744,40,79,64,40,40,40
sc_bot_a_264,13.224.245.117,443,10.0.0.8,62314,TCP,1786360104.551116300,17,0.000000,0.010055,0.010057,0.010058,0.010063,0.010065,0.010066,0.028018,0.028020,0.028022,0.033960,0.098078,0.098081,0.725102,0.739941,0.739943,37.278373,,52,40,1480,1480,1480,1480,174,40,219,111,40,415,71,40,560,71,40
sc_bot_a_264,16.15.245.189,443,10.0.0.8,62313,TCP,1786360104.553025500,18,0.000000,0.138362,0.138364,0.138364,0.138365,0.138366,0.138367,0.138368,0.138370,0.140216,0.140218,0.279973,0.280249,0.300373,0.300377,6.300477,6.303488,10.431194,,52,40,1255,46,87,1420,1420,1420,345,326,98,40,40,462,130,64,40,40
sc_bot_a_264,2001:4860:4802:32::178,443,2a06:c701:7540:db00:fc7a:d02f:72a8:54d3,58100,UDP,1786360104.817164400,16,0.000000,0.000002,0.000003,0.000004,0.052333,0.052334,0.052335,0.052337,0.052338,0.060249,0.060250,0.086342,0.435309,0.498888,0.500973,0.534650,,88,1278,1278,1278,1278,1278,1278,259,88,1010,185,72,75,593,69,72
sc_bot_a_264,2600:9000:21b3:6e00:e:73b:be40:93a1,443,2a06:c701:7540:db00:fc7a:d02f:72a8:54d3,62315,TCP,1786360105.071594000,18,0.000000,0.008149,0.008151,0.008152,0.008153,0.008154,0.010174,0.018013,0.021214,0.021215,0.021216,0.021216,0.021218,0.021219,0.090502,0.094106,0.094108,36.757894,,72,1400,60,1400,1400,1400,641,1400,60,60,60,60,239,131,60,640,91,60
sc_bot_a_264,2a03:2880:f042:110:face:b00c:0:3,443,2a06:c701:7540:db00:fc7a:d02f:72a8:54d3,61379,UDP,1786360105.240051500,161,0.000000,0.000002,0.000003,0.000012,0.000013,0.055825,0.055826,0.055828,0.055829,0.058956,0.058957,0.058958,0.058960,0.058961,0.058962,0.058962,0.058966,0.058967,0.058968,0.058970,0.058970,0.058972,0.058972,0.058974,0.058974,0.058976,0.058976,0.058978,0.058979,0.058981,0.058982,0.058984,0.058985,0.105969,0.109990,0.109992,0.109993,0.109994,0.109994,0.109995,0.109996,0.116158,0.116159,0.116160,0.116161,0.116164,0.116165,0.116166,0.117924,0.117925,0.117926,0.117927,0.117928,0.119923,0.119924,0.119925,0.119925,0.119926,0.123332,0.123337,0.123338,0.123338,0.123339,0.125057,0.125058,0.125058,0.125059,0.125060,0.125976,0.125977,0.125978,0.125980,0.125981,0.125982,0.127839,0.127839,0.127840,0.127841,0.129906,0.141923,0.141924,0.160236,0.160237,0.160238,0.160239,0.160240,0.162327,0.162328,0.162328,0.162329,0.162330,0.162331,0.162332,0.162332,0.162333,0.162334,0.162334,0.165941,0.165942,0.165943,0.165944,0.165953,0.180312,0.213354,0.370414,0.378341,0.378342,0.378342,0.378343,0.378344,0.378345,0.378345,0.380416,0.380417,0.380418,0.380419,0.380422,0.380422,0.380423,0.380424,0.380425,0.380426,0.380427,0.380428,0.380428,0.380430,0.380430,0.383169,0.383171,0.383172,0.383173,0.383174,0.383174,0.383176,0.383176,0.383177,0.383178,0.384345,0.384347,0.384350,0.384351,0.384352,0.384354,0.384355,0.384356,0.384357,0.384358,0.386849,0.386850,0.386851,0.386851,0.386852,0.386853,0.386854,0.386854,0.386855,0.386856,0.386857,0.386857,0.386858,0.448240,,1280,1280,1280,783,128,87,160,320,96,1280,1280,1280,448,1280,1280,1280,1280,1280,1280,1280,1280,1280,1280,1280,1280,1280,1280,1280,1280,1280,1280,1280,1280,1280,1280,1280,1280,1280,1280,1280,1280,1280,1280,1280,1280,1280,1280,1280,1280,1280,1280,1280,1280,1280,1280,1280,1280,1280,1280,1280,1280,1280,1280,1280,1280,1280,1280,1280,1280,1280,1280,1280,1280,1280,1280,1280,1280,1280,1280,1280,1280,1280,1280,1280,1280,1280,1280,1280,1280,1280,1280,1280,1280,1280,1280,1280,1280,1280,1280,1280,1280,800,96,96,96,1280,1088,1280,1280,1280,1280,1280,1280,1280,1280,1280,1280,1280,1280,1280,1280,1280,1280,1280,1280,1280,1280,1280,1280,1280,1280,1280,1280,1280,1280,1280,1280,1280,1280,1280,1280,1280,1280,1280,1280,1280,1280,1280,1280,1280,1280,1280,1280,1280,1280,1280,1280,1280,1280,1024,96
sc_bot_a_264,92.123.106.192,443,10.0.0.8,62316,TCP,1786360105.248065400,210,0.000000,0.050938,0.050940,0.050941,0.055740,0.109915,0.109916,0.109917,0.111906,0.111907,0.111908,0.152231,0.156361,0.272412,0.272413,0.272414,0.324843,0.458668,0.458670,0.458673,0.458675,0.458676,0.476282,0.484332,0.484333,0.484334,0.492683,0.492684,0.492685,0.492686,0.494295,0.494298,0.496297,0.496298,0.500357,0.500358,0.502295,0.502297,0.506328,0.506329,0.508259,0.508260,0.512254,0.512256,0.514224,0.514225,0.528289,0.528290,0.536423,0.536426,0.539860,0.539861,0.542285,0.542286,0.545803,0.545806,0.548257,0.548258,0.550267,0.550268,0.554573,0.554574,0.556263,0.556264,0.560655,0.560656,0.562277,0.562281,0.564306,0.564307,0.564308,0.564308,0.567572,0.567573,0.568312,0.568313,0.570280,0.570282,0.572280,0.572283,0.575124,0.575125,0.576380,0.576382,0.576384,0.576385,0.578324,0.578325,0.580826,0.580827,0.582349,0.582353,0.582354,0.582355,0.586609,0.586610,0.586801,0.586802,0.588404,0.588405,0.588417,0.588418,0.590872,0.590873,0.599444,0.599446,0.788754,0.788755,0.788756,0.788757,0.788758,0.788758,0.788762,0.790709,0.790711,0.790712,0.790713,0.792879,0.792880,0.792881,0.792881,0.792882,0.792883,0.794705,0.794713,0.794716,0.794718,0.794722,0.794725,0.796696,0.796699,0.796700,0.796701,0.796702,0.796706,0.798478,0.806197,0.828580,0.850589,0.854587,0.900635,0.912630,0.939683,0.954697,0.954700,1.003269,1.003271,1.010173,1.017005,1.017007,1.020765,1.049281,1.049283,1.087429,1.087432,1.093146,1.093148,1.106116,1.106119,1.106120,1.106121,1.163762,1.184116,1.184325,1.184326,1.204398,1.347927,1.347929,1.834282,1.927816,1.979753,1.981706,2.117869,2.117870,2.927968,3.124402,3.124405,3.125488,3.129680,4.130042,4.172077,4.282392,4.282392,6.064435,6.064436,6.064436,6.065900,6.237692,6.237694,10.827194,10.827194,10.873992,10.873993,10.873994,10.873994,10.998226,10.998227,11.043150,11.051799,11.055115,11.059078,11.059079,36.004807,36.004808,36.006822,36.177937,36.177939,36.269420,36.617464,36.619598,,52,1492,1492,1232,305,40,343,343,40,101,71,40,40,833,1492,1084,40,827,1492,476,699,71,40,685,1492,1492,1492,1492,1492,1492,1492,1492,1492,1492,1492,1492,1492,1492,1492,1492,1492,1492,1492,1492,1492,1492,1492,1492,1492,1492,1492,1492,1492,1492,1492,1492,1492,1492,1492,1492,1492,1492,1492,1492,1492,1492,1492,1492,1492,1492,1492,1492,1492,1492,1492,1492,1492,1492,1492,1492,1492,1492,1492,1492,1492,1492,1492,1492,1492,1492,1492,1492,1492,1492,1492,1492,1492,1492,1492,1492,1492,1492,1492,1492,1492,71,691,1492,1492,1492,1492,1492,1492,1492,1492,1492,1492,1492,1492,1492,1492,1492,1492,1492,1492,1492,1492,1492,1492,1492,1492,1492,1492,1492,928,40,40,40,40,40,40,40,40,803,71,804,71,805,963,71,71,959,71,803,71,804,71,806,802,71,71,40,802,804,71,71,960,71,40,40,803,71,802,71,40,804,71,804,71,40,40,960,71,40,40,40,40,803,71,40,40,40,40,40,40,895,87,40,803,71,802,71,40,79,75,736,87,40,64,40
sc_bot_a_264,2a04:4e42:63::396,443,2a06:c701:7540:db00:fc7a:d02f:72a8:54d3,62317,TCP,1786360105.253715800,31,0.000000,0.050091,0.052185,0.052186,0.052188,0.052189,0.102492,0.106263,0.109676,0.109677,0.109677,0.109682,0.109683,0.111390,0.111391,0.111392,0.112319,0.112320,0.116244,0.116245,0.120212,0.120214,0.124205,0.124208,0.128261,0.128262,0.132187,0.166646,36.617946,36.617947,36.617947,,72,60,1488,1488,1105,1488,1488,60,60,125,60,844,1488,1488,1488,1488,1488,1488,1488,1488,1488,1488,1488,1488,1488,1488,207,60,60,84,60
sc_bot_a_264,2a00:1450:4028:80b::2002,443,2a06:c701:7540:db00:fc7a:d02f:72a8:54d3,55158,UDP,1786360105.332718000,33,0.000000,0.000001,0.000003,0.000004,0.013312,0.037241,0.059997,0.059999,0.060002,0.061455,0.061456,0.061458,0.061458,0.061459,0.061460,0.061463,0.063378,0.063380,0.065300,0.065301,0.065302,0.065303,0.065304,0.067562,0.067563,0.067564,0.067565,0.067566,0.067567,0.067574,0.067575,0.067576,0.067577,,88,88,1278,1278,1278,1278,1278,337,989,104,72,1278,1278,1278,1278,1278,1278,1278,1278,1278,1278,168,1278,1278,1278,1278,1278,1278,1278,1278,1278,1278,1244
sc_bot_a_264,2a04:4e42:63::396,443,2a06:c701:7540:db00:fc7a:d02f:72a8:54d3,62318,TCP,1786360105.498629900,17,0.000000,0.051712,0.051714,0.051715,0.051716,0.051717,0.102315,0.105561,0.105562,0.105562,0.105563,0.153596,0.235910,0.337851,36.369035,36.369036,36.370866,,72,1488,1488,1100,60,1488,1488,60,60,60,125,60,748,748,60,84,60
sc_bot_a_264,2a03:2880:f142:182:face:b00c:0:25de,443,2a06:c701:7540:db00:fc7a:d02f:72a8:54d3,63710,UDP,1786360105.918919100,19,0.000000,0.000002,0.000003,0.000013,0.000015,0.053680,0.053682,0.055585,0.058681,0.058684,0.123874,1.253902,1.253904,1.253904,1.324886,3.565201,3.565202,3.565203,3.639432,,1280,1280,1280,784,128,87,160,320,352,96,96,96,192,96,96,96,192,96,96
sc_bot_a_264,3.5.130.69,443,10.0.0.8,62319,TCP,1786360106.002628500,62,0.000000,0.156204,0.156205,0.156208,0.156209,0.156210,0.156212,0.158065,0.158066,0.312388,0.314700,0.334919,0.334921,0.334922,0.334923,0.334924,0.334928,0.334930,0.334931,0.334932,0.334934,0.334935,0.334936,0.334938,0.334939,0.334940,0.489739,0.489741,0.489742,0.489742,0.489743,0.489748,0.489749,0.489750,0.489751,0.489752,0.489754,0.489755,0.489756,0.489757,0.489758,0.489759,0.489760,0.489762,0.489763,0.489764,0.489765,0.489766,0.489767,0.489769,0.490239,0.490240,0.490241,0.490242,0.490242,0.490243,0.642808,0.642809,0.642810,30.340241,30.340242,35.366679,,52,40,1255,1420,1420,1420,345,326,98,40,40,491,1420,1420,1420,1420,1420,1420,1420,1420,1420,1420,1420,1420,1420,1420,1420,1420,1420,1420,1420,1420,1420,1420,1420,1420,1420,1420,1420,1420,1420,1420,1420,1420,1420,1420,1420,1420,1420,1420,1420,1420,1420,1420,1420,1420,1420,1420,1052,64,40,40
sc_bot_a_264,2a06:c700:2002:e::93eb:1440,443,2a06:c701:7540:db00:fc7a:d02f:72a8:54d3,62320,TCP,1786360106.068622300,16,0.000000,0.053744,0.053750,0.062366,0.062368,0.062368,0.064014,0.064015,0.064015,0.066067,0.066074,0.112147,0.238549,0.238551,35.775388,35.775389,,72,1488,1332,60,363,363,60,60,60,121,91,60,1033,91,84,60
sc_bot_a_264,2a00:1450:4001:c21::54,443,2a06:c701:7540:db00:fc7a:d02f:72a8:54d3,64432,UDP,1786360106.845531300,10,0.000000,0.000001,0.000002,0.000003,0.007896,0.007897,0.007898,0.067903,0.070023,0.093952,,88,1278,1278,1278,1278,1278,407,1000,169,72
sc_bot_a_264,2001:4860:4829:7700::,443,2a06:c701:7540:db00:fc7a:d02f:72a8:54d3,55932,UDP,1786360107.396066400,24,0.000000,0.000002,0.000003,0.000004,0.050188,0.050190,0.050194,0.050200,0.050202,0.056677,0.056681,0.058161,0.058162,0.058163,0.060610,0.060611,0.061959,0.061960,0.123963,0.126207,0.138785,0.140153,0.142059,0.153372,,88,1278,1278,1278,1278,1278,1278,857,89,1278,473,1048,185,71,77,76,73,75,343,69,76,262,69,76
sc_bot_a_264,2001:4860:4802:34::181,443,2a06:c701:7540:db00:fc7a:d02f:72a8:54d3,62321,TCP,1786360107.413971300,31,0.000000,0.008040,0.069143,0.069144,0.069146,0.069147,0.069148,0.069150,0.074404,0.086330,0.086331,0.086332,0.086333,0.090860,0.096359,0.151345,0.151349,0.151350,0.151351,0.159009,33.792511,33.792512,33.792513,33.799185,33.851466,33.853010,33.853011,33.855259,33.856897,33.859072,34.415519,,72,60,1280,1280,1280,1280,1280,337,1280,60,60,1030,91,60,60,678,91,99,91,60,60,60,99,60,130,91,99,130,91,60,60
sc_bot_a_264,2001:4860:4802:34::181,443,2a06:c701:7540:db00:fc7a:d02f:72a8:54d3,62322,TCP,1786360107.420119400,9,0.000000,0.007900,0.085897,0.126390,0.126391,0.126393,0.126394,0.126395,0.126397,,72,60,60,1280,1280,1280,1280,1280,336
sc_bot_a_264,142.250.75.166,443,10.0.0.8,63195,UDP,1786360107.478119900,14,0.000000,0.003311,0.003312,0.003313,0.058096,0.058097,0.058098,0.058100,0.074355,0.074357,0.076988,0.138076,0.146175,0.161080,,68,1278,1278,1278,1278,1278,1243,136,978,165,55,333,49,56
sc_bot_a_264,2a06:98c1:3103::ac40:9b77,443,2a06:c701:7540:db00:fc7a:d02f:72a8:54d3,62323,TCP,1786360107.480032900,30,0.000000,0.006019,0.010508,0.010510,0.010518,0.024721,0.024866,0.030041,0.133018,0.144366,0.144367,0.144368,0.144815,0.144817,0.159019,0.159351,0.159353,0.159354,0.159356,0.204242,0.296714,0.296717,0.296719,0.296721,0.296723,0.296725,0.296727,0.296738,0.296739,34.349044,,72,60,1420,1420,672,572,91,60,322,72,72,72,72,72,60,72,60,60,95,60,216,1420,91,1420,1420,122,1420,1316,91,60
sc_bot_a_264,2a00:1450:4028:806::2003,443,2a06:c701:7540:db00:fc7a:d02f:72a8:54d3,62324,TCP,1786360107.480033700,23,0.000000,0.008021,0.060245,0.060249,0.060251,0.060252,0.060254,0.066473,0.082760,0.085632,0.085633,0.085635,0.086380,0.098111,0.159357,0.159358,0.159361,0.159362,0.159362,0.159363,0.159364,0.172539,34.349041,,72,60,1280,1280,1280,540,1280,1280,60,60,60,1080,91,60,430,133,91,99,129,133,91,60,60
sc_bot_a_264,2a00:1450:4028:806::2003,443,2a06:c701:7540:db00:fc7a:d02f:72a8:54d3,62325,TCP,1786360107.481433200,11,0.000000,0.009399,0.067996,0.067997,0.067999,0.068000,0.068002,0.074792,0.083885,0.084422,0.084424,,72,60,1280,1280,1280,541,1280,1280,60,1080,60
sc_bot_a_264,142.250.75.162,443,10.0.0.8,57093,UDP,1786360107.534846300,18,0.000000,0.000002,0.000003,0.000005,0.047447,0.047448,0.047449,0.047450,0.047452,0.049837,0.049839,0.068669,0.068675,0.068678,0.104355,0.155563,0.160418,0.191901,,68,1278,1278,1278,1278,1278,1278,140,68,1278,137,982,165,51,56,249,106,52
sc_bot_a_264,2001:41d0:72f:6100::,443,2a06:c701:7540:db00:fc7a:d02f:72a8:54d3,62326,TCP,1786360107.549431600,15,0.000000,0.063775,0.063779,0.063781,0.063783,0.063784,0.063786,0.135152,0.135152,0.135154,0.138890,0.241463,6.139541,6.139542,6.201153,,72,1488,72,1488,1300,605,60,139,139,118,261,60,99,84,60
sc_bot_a_264,2a00:1450:4028:800::2002,443,2a06:c701:7540:db00:fc7a:d02f:72a8:54d3,54411,UDP,1786360107.558306000,27,0.000000,0.001856,0.001857,0.001859,0.065811,0.065813,0.065815,0.065816,0.081087,0.089406,0.089408,0.089410,0.089411,0.156562,0.156563,0.156565,0.156566,0.156567,0.156569,0.156570,0.156571,0.156572,0.156574,0.156576,0.156590,0.156592,0.188849,,88,1278,1278,1278,1278,1278,1274,130,1278,1016,185,75,73,1274,1278,1278,1278,1278,1278,1278,1278,1278,1278,1278,693,314,72
sc_bot_a_264,34.96.70.87,443,10.0.0.8,62327,TCP,1786360107.560395900,16,0.000000,0.009075,0.010676,0.010677,0.010678,0.010681,0.021894,0.021896,0.033293,0.033294,0.102386,0.102393,0.102396,0.102398,0.117594,34.272081,,52,40,1452,1452,1452,288,658,71,40,40,285,1452,1410,79,40,40
sc_bot_a_264,23.205.48.202,443,10.0.0.8,62328,TCP,1786360107.603523400,18,0.000000,0.049156,0.051442,0.051444,0.051446,0.104501,0.108413,0.108414,0.108415,0.108418,0.108419,0.109370,0.109375,0.109376,0.109378,0.202376,34.265971,34.265973,,52,40,1492,1492,1028,40,40,40,330,108,78,434,1492,1492,304,40,71,40
sc_bot_a_264,2a02:2638:d::49,443,2a06:c701:7540:db00:fc7a:d02f:72a8:54d3,62329,TCP,1786360107.624687700,21,0.000000,0.070578,0.070582,0.070583,0.071685,0.148312,0.148320,0.150382,0.150384,0.150385,0.150387,0.150388,0.150390,0.157571,0.157574,0.164941,0.164945,0.259926,10.148560,10.217233,10.217234,,72,60,1488,1403,1488,60,654,1488,1488,1488,1488,1488,1488,1488,1488,1488,1286,60,99,84,60
sc_bot_a_264,35.190.39.111,443,10.0.0.8,62331,TCP,1786360107.711940200,16,0.000000,0.008408,0.012675,0.012678,0.012679,0.012680,0.012682,0.035513,0.035515,0.036416,0.049715,0.112357,0.112363,0.112365,0.123865,34.117551,,52,40,40,1452,1452,1452,305,658,71,40,40,299,440,79,40,40
sc_bot_a_264,35.244.154.8,443,10.0.0.8,62332,TCP,1786360107.742304200,17,0.000000,0.012227,0.012228,0.012230,0.012232,0.012233,0.012234,0.012236,0.030687,0.030689,0.047331,0.178248,0.186761,0.194702,0.345219,0.358137,34.087188,,52,40,40,1452,1452,1452,1452,1382,658,71,40,575,40,40,422,40,40
sc_bot_a_264,2a00:1450:4028:800::2001,443,2a06:c701:7540:db00:fc7a:d02f:72a8:54d3,56494,UDP,1786360107.744762700,17,0.000000,0.000008,0.000010,0.000011,0.061129,0.061130,0.061132,0.061134,0.061135,0.079212,0.079214,0.079533,0.139843,0.139845,0.139847,0.139849,0.171019,,88,1278,1278,1278,1278,1278,1278,268,92,1092,185,75,1274,1278,1175,173,72
sc_bot_a_264,142.250.75.162,443,10.0.0.8,62333,TCP,1786360107.762864300,16,0.000000,0.010134,0.062522,0.062524,0.062526,0.062528,0.069632,0.069634,0.072939,0.073531,0.157675,0.157677,0.160727,0.160729,0.171725,34.063550,,52,40,1452,1452,1452,1409,40,1010,71,40,283,241,71,79,40,40
sc_bot_a_264,104.18.26.193,443,10.0.0.8,62334,TCP,1786360107.772521500,15,0.000000,0.010071,0.016785,0.016787,0.016789,0.041897,0.043882,0.051667,0.242872,0.242875,0.264099,0.464684,0.464686,0.464688,34.056554,,52,40,1492,1492,1179,568,71,40,1431,261,40,331,114,71,40
sc_bot_a_264,2a00:1450:4028:80b::2001,443,2a06:c701:7540:db00:fc7a:d02f:72a8:54d3,62337,TCP,1786360107.789636500,25,0.000000,0.016252,0.080372,0.080375,0.080376,0.080378,0.080383,0.086514,0.087800,0.097035,0.097037,0.097039,0.109290,0.113426,0.162997,0.162999,0.163000,0.163001,0.163002,0.166414,0.166416,0.166425,0.166427,0.174648,34.036779,,72,60,1280,1280,1280,552,1280,552,1280,60,1044,91,60,60,508,1280,1280,1280,1280,1280,1280,642,99,60,60
sc_bot_a_264,131.153.232.244,443,10.0.0.8,62330,TCP,1786360107.808566900,18,0.000000,0.138006,0.138008,0.140188,0.140192,0.140196,0.140205,0.140209,0.284832,0.284834,0.284835,0.284837,0.284838,0.284856,0.291496,0.470751,0.682567,34.151685,,52,40,40,1492,1492,1232,1492,253,119,119,111,75,40,40,40,40,407,40
sc_bot_a_264,69.173.144.165,443,10.0.0.8,62335,TCP,1786360107.828410500,14,0.000000,0.070519,0.070521,0.070523,0.070525,0.144872,0.208565,0.211189,0.211190,0.211192,0.211194,0.211208,31.999751,32.001525,,52,40,1440,1404,384,91,40,1437,1429,1408,1408,894,40,40
sc_bot_a_264,35.244.154.8,443,10.0.0.8,54751,UDP,1786360107.937008400,10,0.000000,0.000001,0.001723,0.001726,0.001727,0.001728,0.001730,0.011783,0.011787,0.038959,,68,1278,1278,1278,1278,1278,1002,613,149,52
sc_bot_a_264,2a02:2638:d::50,443,2a06:c701:7540:db00:fc7a:d02f:72a8:54d3,62338,TCP,1786360107.957404500,19,0.000000,0.074551,0.074562,0.074564,0.074566,0.158808,0.158818,0.159281,0.159289,0.159291,0.159292,0.159303,0.278729,0.345558,0.347546,0.455940,10.348350,10.413920,10.415850,,72,1488,860,60,1488,60,654,60,1488,1488,1488,927,60,60,787,60,99,84,60
sc_bot_a_264,63.184.212.211,443,10.0.0.8,62339,TCP,1786360107.964508100,16,0.000000,0.067464,0.067466,0.067467,0.067469,0.152176,0.152179,0.152180,0.152184,0.152888,0.152892,0.152894,0.227062,0.228526,33.920856,33.920857,,52,40,1492,1492,1470,40,219,102,71,40,1492,344,40,1029,64,40
sc_bot_a_264,67.199.150.86,443,10.0.0.8,62336,TCP,1786360107.976565800,15,0.000000,0.213180,0.213184,0.213186,0.213188,0.213189,0.430637,0.430639,0.432670,0.432672,0.432678,0.432679,0.638996,34.055111,34.055112,,52,40,1492,1492,1492,132,40,89,40,71,602,113,40,40,40
sc_bot_a_264,2a00:1450:4028:80b::2001,443,2a06:c701:7540:db00:fc7a:d02f:72a8:54d3,62340,TCP,1786360108.021742800,21,0.000000,0.010868,0.065565,0.070980,0.070982,0.070984,0.070985,0.078460,0.094776,0.094778,0.095432,0.095437,0.095439,0.095441,0.095447,0.095449,0.095837,0.114498,0.565094,0.580290,33.807334,,72,60,1280,1280,1280,552,1280,1280,60,1044,91,517,1280,1280,1280,1280,795,60,139,60,60
sc_bot_a_264,104.18.26.193,443,10.0.0.8,53483,UDP,1786360108.032801600,12,0.000000,0.001984,0.001994,0.001997,0.002000,0.002004,0.020274,0.027948,0.027951,0.027952,0.027954,0.038940,,1228,1228,1228,1228,1228,429,81,561,52,52,77,56
sc_bot_a_264,2001:4860:482b:7700::,443,2a06:c701:7540:db00:fc7a:d02f:72a8:54d3,60131,UDP,1786360108.039620400,16,0.000000,0.013248,0.013250,0.013252,0.053787,0.053788,0.053790,0.053800,0.053802,0.076604,0.076606,0.078069,0.136407,0.136409,0.136411,0.169238,,88,1278,1278,1278,1278,1278,1278,859,91,1048,169,75,1274,81,151,72
sc_bot_a_264,107.178.254.65,443,10.0.0.8,62341,TCP,1786360108.145888400,15,0.000000,0.014784,0.014786,0.014788,0.014789,0.014791,0.014792,0.045678,0.045684,0.057887,0.199459,0.199461,0.199462,0.220121,33.683604,,52,40,40,1452,1452,1452,251,658,71,40,581,113,79,40,40
sc_bot_a_264,2a00:1450:4028:804::2002,443,2a06:c701:7540:db00:fc7a:d02f:72a8:54d3,51451,UDP,1786360108.277034200,36,0.000000,0.000003,0.000005,0.000007,0.056012,0.056013,0.056014,0.056016,0.056018,0.064316,0.064318,0.064320,0.064321,0.064322,0.064325,0.064326,0.064328,0.064329,0.064330,0.064331,0.064332,0.064333,0.066340,0.066342,0.066343,0.066344,0.066345,0.066346,0.066347,0.066348,0.067982,0.067984,0.095930,0.202072,0.205960,0.238067,,88,1278,1278,1278,1278,1278,1278,236,92,1020,185,75,1274,1278,1278,1278,1278,1278,1278,1278,1278,1278,1278,1278,1278,1278,1278,1278,1278,1278,1278,290,72,220,69,72
sc_bot_a_264,52.223.40.198,443,10.0.0.8,62342,TCP,1786360108.291374500,23,0.000000,0.008098,0.008100,0.143880,0.143882,0.143888,0.153742,0.153744,0.156035,0.222140,0.222145,0.224204,0.224206,0.224210,0.229748,0.231786,0.235825,0.310348,0.310350,0.310352,0.310354,0.317886,33.541101,,52,40,40,1492,1492,1312,40,40,40,244,118,1492,1492,268,40,40,40,1492,1492,276,78,40,40
sc_bot_a_264,178.250.7.145,443,10.0.0.8,62344,TCP,1786360108.397349100,12,0.000000,0.067867,0.067869,0.067870,0.067876,0.139937,0.139944,0.139946,0.247868,10.143676,10.210189,10.210190,,52,40,1492,1492,792,40,634,1059,40,79,64,40
sc_bot_a_264,207.65.33.83,443,10.0.0.8,62343,TCP,1786360108.537591700,15,0.000000,0.213505,0.213507,0.213507,0.213508,0.213510,0.422886,0.422887,0.424242,0.424243,0.426507,0.426508,0.630772,33.490198,33.490200,,52,40,1492,1492,1492,132,40,89,40,71,40,325,40,40,40
sc_bot_a_264,2a00:1450:4028:80b::2001,443,2a06:c701:7540:db00:fc7a:d02f:72a8:54d3,55041,UDP,1786360108.587230100,11,0.000000,0.000002,0.000003,0.000006,0.056149,0.056150,0.056151,0.056152,0.066554,0.066556,0.090091,,88,1278,1278,1278,1278,1278,1242,158,1016,185,72
sc_bot_a_264,188.40.16.220,443,10.0.0.8,62345,TCP,1786360108.758792700,18,0.000000,0.063083,0.063085,0.063086,0.063087,0.128866,0.128868,0.130856,0.130858,0.130859,0.194153,0.194914,0.201676,0.201684,0.305383,15.264985,15.264986,15.328945,,48,40,1492,1492,365,40,98,1492,1492,1462,40,40,1492,941,40,79,64,40
sc_bot_a_264,37.157.2.235,443,10.0.0.8,62346,TCP,1786360109.130380300,15,0.000000,0.077593,0.077594,0.077595,0.077595,0.077598,0.077614,0.155948,0.155950,0.157724,0.157725,0.157730,0.235860,0.237676,32.770362,,48,40,40,1492,1492,1232,892,327,398,40,1492,717,40,1386,40
sc_bot_a_264,2a00:1450:4028:800::2002,443,2a06:c701:7540:db00:fc7a:d02f:72a8:54d3,60322,UDP,1786360109.185894400,17,0.000000,0.000001,0.002484,0.002485,0.012806,0.032424,0.058340,0.062422,0.062425,0.062426,0.062428,0.062429,0.070664,0.070666,0.200408,0.204129,0.210261,,88,88,1278,1278,1278,1278,1278,1278,334,992,95,72,168,70,296,69,71
sc_bot_a_264,69.173.144.165,443,10.0.0.8,62347,TCP,1786360109.548806600,16,0.000000,0.066178,0.066179,0.066180,0.066181,0.135953,0.200417,0.202484,0.206144,0.206145,0.206146,0.206147,0.206148,0.206166,31.996382,31.996383,,52,40,1440,1404,384,91,40,40,1257,1249,1228,1228,1228,843,40,40
sc_bot_a_264,143.204.226.41,443,10.0.0.8,62348,TCP,1786360110.161089300,1547,0.000000,0.007870,0.007871,0.007872,0.007872,0.007872,0.009875,0.009876,0.020000,0.020002,0.020002,0.021806,0.021807,0.069814,0.250048,0.250049,0.270040,0.271944,0.286465,0.286466,0.286467,0.286467,0.286468,0.286468,0.286471,0.286472,0.286473,0.286473,0.286474,0.286476,0.288936,0.288937,0.288937,0.288938,0.288938,0.288939,0.288939,0.288940,0.288941,0.288941,0.288942,0.288944,0.288944,0.288945,0.288945,0.288946,0.290175,0.290176,0.290177,0.290177,0.290178,0.290178,0.290179,0.290180,0.292347,0.292348,0.292348,0.292350,0.292351,0.292351,0.292352,0.292352,0.292353,0.292354,0.292354,0.292355,0.292356,0.292356,0.292357,0.292357,0.294416,0.294417,0.294418,0.294419,0.294420,0.294421,0.294421,0.294422,0.294423,0.294423,0.294424,0.294426,0.294428,0.294428,0.294429,0.294430,0.294430,0.296427,0.296428,0.296429,0.296430,0.296430,0.296431,0.296432,0.296433,0.296434,0.296434,0.296435,0.296437,0.296438,0.296439,0.296440,0.296440,0.296679,0.296680,0.296680,0.296681,0.296681,0.298554,0.298555,0.298555,0.298556,0.298556,0.298557,0.298559,0.298560,0.298560,0.298561,0.298561,0.298562,0.298562,0.298563,0.298563,0.298564,0.298564,0.298565,0.300557,0.300558,0.300558,0.300559,0.300559,0.300560,0.300560,0.300561,0.300562,0.300562,0.300563,0.300565,0.300566,0.300566,0.300567,0.300567,0.300568,0.300568,0.300569,0.300570,0.301019,0.301020,0.301020,0.301021,0.301021,0.301022,0.301022,0.301023,0.301023,0.301024,0.301025,0.301026,0.302087,0.302088,0.317623,0.317624,0.317626,0.317626,0.317628,0.317629,0.317630,0.317631,0.317632,0.317635,0.317636,0.317640,0.317641,0.317642,0.317643,0.317648,0.317649,0.317650,0.317650,0.317651,0.317653,0.317654,0.317655,0.317656,0.317658,0.317659,0.317660,0.317661,0.317662,0.317663,0.317664,0.317665,0.318020,0.318021,0.318022,0.318022,0.318023,0.318024,0.318025,0.318026,0.318026,0.318027,0.318028,0.318030,0.318031,0.318031,0.318032,0.318759,0.318760,0.318760,0.318761,0.318761,0.318762,0.318762,0.318763,0.318764,0.318764,0.318765,0.318767,0.318768,0.318768,0.318769,0.318770,0.323091,0.323092,0.323093,0.323094,0.323095,0.323096,0.323097,0.323098,0.323099,0.323100,0.323101,0.323104,0.323105,0.323106,0.323107,0.323108,0.323108,0.323110,0.323111,0.323112,0.323113,0.323114,0.323114,0.323115,0.323116,0.323117,0.323118,0.323119,0.323120,0.323121,0.323122,0.323123,0.323573,0.323602,0.323603,0.323604,0.323604,0.323605,0.323606,0.323607,0.323608,0.323608,0.323609,0.323610,0.323611,0.323611,0.323612,0.323613,0.323614,0.323614,0.323630,0.323631,0.323632,0.323632,0.323633,0.323634,0.323635,0.323636,0.323637,0.323637,0.323638,0.323639,0.323640,0.323640,0.324012,0.324013,0.324014,0.324037,0.324038,0.324039,0.324040,0.324041,0.324042,0.324042,0.324043,0.324044,0.324044,0.324045,0.324046,0.324047,0.346675,0.346676,0.346676,0.346677,0.346678,0.346678,0.346679,0.346680,0.346681,0.346682,0.346685,0.346687,0.346688,0.347744,0.347745,0.347746,0.347746,0.347747,0.347748,0.347749,0.347749,0.347750,0.347751,0.347753,0.347754,0.347756,0.347757,0.347758,0.347758,0.347760,0.347760,0.347761,0.347762,0.347763,0.347764,0.347765,0.347766,0.347766,0.347767,0.347768,0.348632,0.348632,0.348633,0.348633,0.348634,0.348635,0.348635,0.348636,0.348636,0.348637,0.348638,0.348639,0.348640,0.348641,0.348642,0.348642,0.351120,0.351121,0.351122,0.351123,0.351124,0.351124,0.351125,0.351126,0.351127,0.351128,0.351129,0.351132,0.351132,0.351133,0.351134,0.351135,0.351136,0.351137,0.351138,0.351138,0.351139,0.351140,0.351141,0.351142,0.351143,0.351144,0.351144,0.351145,0.351146,0.351147,0.351148,0.351149,0.351482,0.351483,0.351484,0.351485,0.351485,0.351486,0.351487,0.351487,0.351488,0.351489,0.351490,0.351492,0.351493,0.351493,0.351494,0.351495,0.351495,0.351496,0.351497,0.351498,0.351498,0.351499,0.351500,0.351501,0.351501,0.351502,0.351503,0.351782,0.351783,0.351783,0.351784,0.351784,0.351785,0.351786,0.351786,0.351787,0.351787,0.351788,0.351790,0.351790,0.351791,0.351792,0.351793,0.351794,0.351795,0.351796,0.351796,0.351797,0.351798,0.351799,0.351799,0.351800,0.351801,0.351802,0.351803,0.379656,0.379658,0.379658,0.379659,0.379660,0.379660,0.379661,0.379662,0.379662,0.379663,0.379664,0.379670,0.379670,0.379671,0.379672,0.379672,0.379673,0.379674,0.379674,0.379675,0.379676,0.379676,0.379677,0.379679,0.379680,0.379680,0.379681,0.379682,0.379683,0.379683,0.379684,0.379685,0.380047,0.380048,0.380048,0.380049,0.380050,0.380051,0.380051,0.380052,0.380053,0.380054,0.380054,0.380057,0.380058,0.380058,0.380059,0.380060,0.380061,0.380061,0.380062,0.380063,0.380064,0.380064,0.380065,0.380066,0.380066,0.380067,0.380068,0.380069,0.380070,0.380070,0.380071,0.380072,0.380339,0.380340,0.380340,0.380341,0.380342,0.380342,0.380344,0.380344,0.380345,0.380346,0.380346,0.380349,0.380350,0.380350,0.380352,0.380352,0.380353,0.380354,0.380355,0.380356,0.380356,0.380357,0.380358,0.380359,0.380360,0.380360,0.380361,0.380362,0.380363,0.380363,0.380364,0.380366,0.380651,0.380652,0.380652,0.380653,0.380654,0.380655,0.380656,0.380656,0.380657,0.380658,0.380658,0.380661,0.380662,0.380663,0.380664,0.380665,0.380665,0.380666,0.380667,0.380667,0.380668,0.380669,0.380670,0.380670,0.380671,0.380672,0.380672,0.380673,0.380674,0.380676,0.380677,0.380678,0.381004,0.381005,0.381006,0.381007,0.381008,0.381008,0.381009,0.381010,0.381011,0.381011,0.381012,0.381015,0.381016,0.381017,0.381022,0.398887,0.398888,0.398888,0.398889,0.398890,0.398890,0.398891,0.398892,0.398892,0.398893,0.398895,0.398897,0.398897,0.398898,0.398899,0.398899,0.398900,0.398901,0.398901,0.398902,0.398902,0.398903,0.398904,0.398905,0.398906,0.398907,0.398908,0.398908,0.399947,0.399948,0.399948,0.399949,0.399950,0.399950,0.399951,0.399952,0.399952,0.399953,0.399954,0.399956,0.399957,0.399958,0.399958,0.399959,0.399960,0.399960,0.399961,0.401743,0.401744,0.401745,0.401746,0.401748,0.401748,0.401749,0.401750,0.401751,0.401752,0.401753,0.401756,0.401756,0.401757,0.401758,0.401759,0.401760,0.401761,0.401762,0.401763,0.401764,0.401765,0.401766,0.401767,0.401768,0.401769,0.401770,0.401771,0.401772,0.401773,0.401774,0.401775,0.402141,0.402142,0.402142,0.402143,0.402144,0.402144,0.402145,0.402146,0.402147,0.402148,0.402149,0.402151,0.402151,0.402152,0.402153,0.402153,0.402154,0.402155,0.402156,0.402157,0.402158,0.402158,0.402159,0.402160,0.402161,0.402162,0.402162,0.402163,0.402164,0.402167,0.402168,0.402169,0.402433,0.402434,0.402434,0.402435,0.402436,0.402437,0.402728,0.402728,0.402729,0.402730,0.402731,0.402733,0.402734,0.402735,0.402736,0.402736,0.402737,0.402738,0.402739,0.402740,0.402741,0.402742,0.403713,0.403714,0.403715,0.403716,0.403716,0.403717,0.403718,0.403718,0.403719,0.403724,0.419081,0.419083,0.419084,0.419085,0.419085,0.419086,0.419087,0.419087,0.419088,0.419089,0.419090,0.419091,0.419091,0.419092,0.419092,0.419093,0.419094,0.419095,0.419096,0.419097,0.419097,0.419098,0.419099,0.419099,0.420291,0.420292,0.420292,0.420293,0.420293,0.420294,0.420295,0.420295,0.420296,0.420297,0.420297,0.420299,0.420300,0.420301,0.420302,0.420302,0.421503,0.421505,0.421505,0.421506,0.421507,0.421507,0.421508,0.421509,0.421509,0.421510,0.421511,0.421512,0.421513,0.421514,0.421514,0.421515,0.421516,0.421516,0.421517,0.421518,0.421518,0.421519,0.421520,0.421520,0.421521,0.421522,0.421522,0.421523,0.421524,0.421524,0.421525,0.421526,0.421814,0.421814,0.421815,0.421816,0.421816,0.421817,0.421818,0.421818,0.421819,0.421820,0.421820,0.421822,0.421823,0.421824,0.421825,0.421826,0.423226,0.423227,0.423228,0.423229,0.423229,0.423230,0.423230,0.423231,0.423232,0.423232,0.423233,0.423235,0.423236,0.423236,0.423237,0.423238,0.423238,0.423239,0.423239,0.423240,0.423241,0.423241,0.423242,0.423243,0.423497,0.423498,0.423499,0.423500,0.423500,0.423501,0.423502,0.423502,0.423503,0.423504,0.423505,0.423507,0.423708,0.423709,0.423710,0.423711,0.423711,0.423712,0.423712,0.423713,0.423713,0.423714,0.423715,0.423717,0.423718,0.423719,0.423719,0.423720,0.423721,0.423722,0.423723,0.439790,0.439791,0.439792,0.439792,0.439793,0.439794,0.439794,0.439796,0.439796,0.439797,0.439800,0.439800,0.439801,0.439802,0.439803,0.439804,0.439804,0.439805,0.439806,0.439806,0.439807,0.439808,0.439809,0.439809,0.439810,0.439811,0.439812,0.439812,0.439813,0.439814,0.439815,0.439816,0.440138,0.440139,0.440139,0.440140,0.440141,0.440141,0.440142,0.440142,0.440143,0.440144,0.440144,0.440145,0.440146,0.440147,0.440148,0.440148,0.440149,0.440150,0.440151,0.440151,0.440152,0.440152,0.440153,0.440154,0.440155,0.440155,0.440156,0.440157,0.440157,0.440158,0.440159,0.440159,0.441514,0.441515,0.441516,0.441516,0.441517,0.441517,0.441518,0.441519,0.441519,0.441520,0.441521,0.441522,0.441523,0.441524,0.441524,0.441525,0.441526,0.441526,0.441527,0.442892,0.442893,0.442894,0.442895,0.442896,0.442897,0.442898,0.442898,0.442899,0.442900,0.442901,0.442904,0.442905,0.442905,0.442906,0.442907,0.442908,0.442909,0.442910,0.442910,0.442911,0.442912,0.442913,0.442914,0.442916,0.442917,0.442918,0.442919,0.442920,0.442921,0.442922,0.442923,0.443312,0.443313,0.443314,0.443315,0.443316,0.443317,0.443318,0.443319,0.443320,0.443320,0.443321,0.443324,0.443324,0.443326,0.443327,0.443328,0.443328,0.443329,0.443330,0.443331,0.443332,0.443332,0.443333,0.443334,0.443335,0.443335,0.443336,0.443345,0.459076,0.459077,0.459077,0.459078,0.459079,0.459080,0.459080,0.459081,0.459082,0.459082,0.459085,0.459086,0.459086,0.459087,0.459088,0.459089,0.459089,0.459090,0.459091,0.459092,0.459092,0.459093,0.459094,0.459094,0.459095,0.459096,0.459097,0.459098,0.459098,0.459099,0.459100,0.459100,0.459482,0.459483,0.459485,0.459486,0.459487,0.459488,0.459489,0.459490,0.459491,0.459492,0.459493,0.459495,0.459496,0.459497,0.459498,0.459499,0.459500,0.459500,0.459502,0.459502,0.459504,0.459504,0.459505,0.459506,0.459507,0.459508,0.459509,0.459510,0.459511,0.459511,0.459512,0.459513,0.459876,0.459878,0.459878,0.459879,0.459880,0.459882,0.459883,0.459884,0.459884,0.459885,0.459886,0.459887,0.459890,0.459891,0.459892,0.459894,0.460258,0.460259,0.460260,0.460260,0.460261,0.460262,0.460263,0.460263,0.460264,0.460264,0.460265,0.460268,0.460268,0.461829,0.461833,0.461835,0.461836,0.461839,0.461840,0.461841,0.461843,0.461846,0.461848,0.461850,0.461857,0.461861,0.461862,0.461864,0.461866,0.461868,0.461870,0.461872,0.461873,0.461876,0.461877,0.461879,0.461882,0.461885,0.461888,0.461891,0.461894,0.461895,0.461897,0.461899,0.461901,0.462351,0.462352,0.462353,0.462353,0.462354,0.462355,0.462356,0.462356,0.462358,0.462358,0.462359,0.462362,0.462362,0.462363,0.462364,0.462365,0.462366,0.462366,0.478992,0.478997,0.478999,0.479001,0.480069,0.480070,0.480071,0.480072,0.480073,0.480074,0.480077,0.480078,0.480078,0.480080,0.480080,0.480081,0.480082,0.480083,0.480084,0.480086,0.480087,0.480088,0.480089,0.480090,0.480091,0.480092,0.480092,0.480094,0.480095,0.480096,0.480097,0.480098,0.480099,0.480100,0.480121,0.480122,0.480482,0.480483,0.480484,0.480484,0.480485,0.480485,0.480486,0.480486,0.480487,0.480488,0.480488,0.480490,0.480491,0.480492,0.480492,0.480493,0.480494,0.480495,0.480495,0.480496,0.480497,0.480498,0.480498,0.480500,0.480500,0.480501,0.480502,0.480983,0.480984,0.480985,0.480986,0.480987,0.480988,0.480988,0.480989,0.480990,0.480991,0.480991,0.480994,0.480995,0.480996,0.480997,0.480998,0.480999,0.481014,0.481015,0.481016,0.481016,0.481017,0.481018,0.481019,0.481020,0.481021,0.481022,0.481024,0.481024,0.481026,0.839356,0.955175,0.955178,0.955179,0.972786,0.972788,0.995273,0.995275,0.995276,0.995277,0.995279,0.995280,0.995281,0.995282,0.995286,0.995287,0.995288,0.995289,0.995290,0.995292,0.995294,0.995296,0.999631,0.999633,0.999634,0.999635,0.999636,0.999637,0.999638,0.999639,0.999640,0.999641,0.999642,0.999643,0.999646,0.999648,0.999649,0.999650,0.999651,0.999652,0.999653,0.999654,0.999656,0.999657,0.999658,0.999659,0.999660,0.999661,0.999662,0.999664,0.999665,0.999666,0.999672,0.999673,1.000124,1.000125,1.000126,1.000127,1.000128,1.000129,1.000130,1.000131,1.000132,1.000132,1.000133,1.000136,1.000137,1.000138,1.000139,1.000140,1.000141,1.000142,1.000143,1.000144,1.000145,1.000146,1.000147,1.000148,1.000149,1.000150,1.000151,1.000152,1.000153,1.000154,1.000155,1.000156,1.000550,1.000551,1.000552,1.000553,1.000554,1.000554,1.000555,1.000556,1.000557,1.000558,1.000559,1.000560,1.000560,1.000561,1.000562,1.000563,1.000564,1.000586,1.000586,1.000587,1.000588,1.000589,1.000590,1.000591,1.000592,1.000593,1.000594,1.000595,1.000595,1.000596,1.000597,1.000598,1.000925,1.000926,1.000953,1.000954,1.000955,1.000956,1.000957,1.000958,1.002954,1.002955,1.002956,1.002958,1.002959,1.002960,1.002961,1.002962,1.002963,1.002964,1.002965,1.002969,1.002971,1.002972,1.002974,1.002975,1.002976,1.002977,1.002978,1.002979,1.002980,1.002981,1.002983,1.021689,1.021691,1.021692,1.021693,1.021694,1.021695,1.021696,1.021697,1.021698,1.021699,1.021700,1.021704,1.021704,1.021706,1.021707,1.021708,1.021709,1.021713,1.021714,1.021715,1.021716,1.021717,1.021718,1.021719,1.023925,1.023926,1.023927,1.023927,1.023928,1.023929,1.023930,1.023930,1.023931,1.023932,1.023933,1.023935,1.023936,1.023937,1.023938,1.023938,1.025912,1.025914,1.025915,1.025916,1.025917,1.025918,1.025922,1.025923,1.025924,1.025925,1.025926,1.025929,1.025930,1.025931,1.025932,1.025933,1.025935,1.025936,1.025937,1.025938,1.025939,1.025940,1.025941,1.025942,1.025943,1.025944,1.025946,1.025947,1.025948,1.025949,1.025950,1.025951,1.026540,1.026541,1.026542,1.026543,1.026544,1.026547,1.026548,1.026549,1.026550,1.026551,1.026552,1.026558,1.026559,1.026560,1.026561,1.026562,1.026970,1.026972,1.026973,1.026974,1.026976,1.026977,1.026978,1.026980,1.026981,1.026982,1.026983,1.026988,1.026989,1.026990,1.026992,1.026993,1.027488,1.027490,1.027492,1.027493,1.027495,1.027497,1.027497,1.027498,1.027499,1.027501,1.027502,1.027506,1.027507,1.027508,1.027509,1.027510,1.027511,1.027512,1.027514,1.027515,1.027516,1.027518,1.027519,1.027520,1.027522,1.027523,1.027524,1.027526,1.027527,1.027528,1.027530,1.027531,1.027946,1.027947,1.027948,1.027949,1.027950,1.027951,1.028001,31.671387,,52,40,40,1480,1480,1480,1480,251,40,219,102,40,71,40,1441,71,40,1386,1480,1480,1480,1480,1480,1480,1480,1480,1480,1480,1480,606,1480,1480,1480,1480,1480,1480,1480,1480,1480,1480,1480,1480,1480,1480,1480,1480,1480,1480,1480,1480,1480,1480,1480,1480,1480,1480,1480,1480,1480,1480,1480,1480,1480,1480,1480,1480,1480,1480,1480,1480,1480,1480,1480,1480,1480,1480,1480,1480,1480,1480,1480,1480,1480,1480,1480,1480,1480,1480,1480,1480,1480,1480,1480,1480,1480,1480,1480,1480,1480,1480,1480,1480,1480,1480,1480,1480,1480,1480,1480,1480,1480,1480,1480,1480,1480,1480,1480,1480,1480,1480,1480,1480,1480,1480,1480,1480,1480,1480,1480,1480,1480,1480,1480,1480,1480,1480,1480,1480,1480,1480,1480,1480,1480,1480,1480,1480,1480,1480,1480,1480,1480,1480,1480,1480,1480,1480,1480,1480,1480,1097,1480,1480,1480,1480,1480,1480,1480,1480,1480,1480,1480,606,1480,1480,1480,1480,1480,1480,1480,1480,1480,1480,1480,606,1480,1480,1480,1480,1480,1480,1480,1480,1480,1480,1480,1480,1480,1480,1480,1480,1480,1480,1480,1480,1480,1480,1172,1480,1480,1480,1480,1480,1480,1480,1480,1480,1480,1480,1480,1480,1480,1480,1480,1480,1480,1480,1480,1480,1480,1480,1480,1480,1480,1480,1480,1480,1480,1480,1480,1480,1480,1480,1480,1480,1480,1480,1480,1480,1480,1480,1480,1480,1480,1480,1480,1480,1480,1480,1480,1480,1480,1480,1480,1480,1480,1480,1480,1480,1480,1480,1480,1480,1480,1480,1480,1480,1480,1480,1480,1480,1480,1480,1480,1480,1480,1480,1480,1480,1480,1480,1480,1480,1480,1480,1480,1480,1480,1480,1480,1480,1480,1480,1049,1480,1480,1480,1480,1480,1480,1480,1480,1480,1480,1480,606,1480,1480,1480,1480,1480,1480,1480,1480,1480,1480,1480,606,1480,1480,1480,1480,1480,1480,1480,1480,1480,1480,1480,1480,1480,1480,1480,1480,1480,1480,1480,1480,1480,1480,1172,1480,1480,1480,1480,1480,1480,1480,1480,1480,1480,1480,1480,1480,1480,1480,1480,1480,1480,1480,1480,1480,1480,1480,1480,1480,1480,1480,1480,1480,1480,1480,1480,1480,1480,1480,1480,1480,1480,1480,1480,1480,1480,1480,1480,1480,1480,1480,1480,1480,1480,1480,1480,1480,1480,1480,1480,1480,1480,1480,1480,1480,1480,1480,1480,1480,1480,1480,1480,1480,1480,1480,1480,1480,1480,1480,1480,1480,1480,1480,1480,1480,1480,1480,1480,1480,1480,1480,1480,1480,1480,1480,1480,1480,1480,1480,373,1480,1480,1480,1480,1480,1480,1480,1480,1480,1480,1480,606,1480,1480,1480,1480,1480,1480,1480,1480,1480,1480,1480,606,1480,1480,1480,1480,1480,1480,1480,1480,1480,1480,1480,1480,1480,1480,1480,1480,1480,1480,1480,1480,1480,1480,1172,1480,1480,1480,1480,1480,1480,1480,1480,1480,1480,1480,1480,1480,1480,1480,1480,1480,1480,1480,1480,1480,1480,1480,1480,1480,1480,1480,1480,1480,1480,1480,1480,1480,1480,1480,1480,1480,1480,1480,1480,1480,1480,1480,1480,1480,1480,1480,1480,1480,1480,1480,1480,1480,1480,1480,1480,1480,1480,1480,1480,1480,1480,1480,1480,1480,1480,1480,1480,1480,1480,1480,1480,1480,1480,1480,1480,1480,1480,1480,1480,1480,1480,1480,1480,1480,1480,1480,1480,1480,1480,1480,1480,1480,1480,1480,658,1480,1480,1480,1480,1480,1480,1480,1480,1480,1480,1480,606,1480,1480,1480,1480,1480,1480,1480,1480,1480,1480,1480,606,1480,1480,1480,1480,1480,1480,1480,1480,1480,1480,1480,1480,1480,1480,1480,1480,1480,1480,1480,1480,1480,1480,1172,1480,1480,1480,1480,1480,1480,1480,1480,1480,1480,1480,1480,1480,1480,1480,1480,1480,1480,1480,1480,1480,1480,1480,1480,1480,1480,1480,1480,1480,1480,1480,1480,1480,1480,1480,1480,1480,1480,1480,1480,1480,1480,1480,1480,1480,1480,1480,1480,1480,1480,1480,1480,1480,1480,1480,1480,1480,1480,1480,1480,1480,1480,1480,1480,1480,1480,1480,1480,1480,1480,1480,1480,1480,1480,1480,1480,1480,1480,1480,1480,1480,1480,1480,1480,1480,1480,1480,1480,1480,1480,1480,1480,1480,1480,1480,645,1480,1480,1480,1480,1480,1480,1480,1480,1480,1480,1480,606,1480,1480,1480,1480,1480,1480,1480,1480,1480,1480,1480,606,1480,1480,1480,1480,1480,1480,1480,1480,1480,1480,1480,1480,1480,1480,1480,1480,1480,1480,1480,1480,1480,1480,1172,1480,1480,1480,1480,1480,1480,1480,1480,1480,1480,1480,1480,1480,1480,1480,1480,1480,1480,1480,1480,1480,1480,1480,1480,1480,1480,1480,1480,1480,1480,1480,1480,1480,1480,1480,1480,1480,1480,1480,1480,1480,1480,1480,1480,1480,1480,1480,1480,1480,1480,1480,1480,1480,1480,1480,1480,1480,1480,1480,1480,1480,1480,1480,1480,1480,1480,1480,1480,1480,1480,1480,1480,1480,1480,1480,1480,1480,1480,1480,1480,1480,1480,1480,1480,1480,1480,1480,1480,1480,1480,1480,1480,1480,1480,1480,391,1480,1480,1480,1480,1480,1480,1480,1480,1480,1480,1480,606,1480,1480,1480,1480,1480,1480,1480,1480,1480,1480,1480,606,1480,1480,1480,1480,1480,1480,1480,1480,1480,1480,1480,1480,1480,1480,1480,1480,1480,1480,1480,1480,1480,1480,1172,1480,1480,1480,1480,1480,1480,1480,1480,1480,1480,1480,1480,1480,1480,1480,1480,1480,1480,1480,1480,1480,1480,1480,1480,1480,1480,1480,1480,1480,1480,1480,1480,1480,1480,1480,1480,1480,1480,1480,1480,1480,1480,1480,1480,1480,1480,1480,1480,1480,1480,1480,1480,1480,1480,1480,1480,1480,1480,1480,1480,1480,1480,1480,1480,1480,1480,1480,1480,1480,1480,1480,1480,1480,1480,1480,1480,1480,1480,1480,1480,1480,1480,1480,1480,1480,1480,1480,1480,1480,1480,1480,1480,1480,1480,1480,639,1480,1480,1480,1480,1480,1480,1480,1480,1480,1480,1480,606,1480,1480,1480,1480,1480,1480,1480,1480,1480,1480,1480,1480,1480,1480,1480,1480,1480,1480,1480,1480,1480,1480,1172,1480,1480,1480,1480,1480,1480,1480,1480,1480,1480,1480,1480,1480,1480,1480,1480,1480,1480,1480,1480,1480,1480,1480,1480,1480,1480,1480,1480,1480,1480,1480,1480,1480,1480,298,1480,1480,1480,1480,1480,1480,1480,1480,1480,1480,1480,1480,1480,1480,1480,1480,1480,1480,1480,1480,1480,1480,1480,1480,1480,1480,1480,1480,1480,1480,1480,1480,1480,1480,1480,1480,1480,1480,1480,1480,1480,1480,1480,1480,1480,1480,1480,1480,1480,1480,1480,1480,1480,1480,1480,1480,1480,1480,1480,1480,1480,1480,1480,1480,1480,1480,1480,1480,1480,1480,1480,1480,1036,1480,1480,1480,1480,1480,1480,1480,1480,1480,1480,1480,606,1480,1480,1480,1480,1480,1480,1480,1480,1480,1480,1480,606,1480,1480,1480,1480,1480,1480,1480,1480,1480,1480,1480,1480,1480,1480,1480,1480,1480,1480,1480,1480,1480,1480,1172,1480,1480,1480,1480,1480,1480,1480,1480,1480,1480,1480,1480,1480,1480,1480,1480,1480,1480,1480,1480,1480,1480,1480,1480,1480,1480,1480,1480,1480,1480,1480,1480,1480,1480,1480,1480,1480,1480,1480,1480,1480,1480,1480,1480,1480,326,40,1480,72,71,40,1387,1480,1480,1480,1480,1480,1480,1480,1480,1480,1480,1480,606,1480,1480,1480,1480,1480,1480,1480,1480,1480,1480,1480,606,1480,1480,1480,1480,1480,1480,1480,1480,1480,1480,1480,1480,1480,1480,1480,1480,1480,1480,1480,1480,1480,1480,1172,1480,1480,1480,1480,1480,1480,1480,1480,1480,1480,1480,1480,1480,1480,1480,1480,1480,1480,1480,1480,1480,1480,1480,1480,1480,1480,1480,1480,1480,1480,1480,1480,1480,1480,1480,1480,1480,1480,1480,1480,1480,1480,1480,1480,1480,1480,1480,1480,1480,1480,1480,1480,1480,1480,1480,1480,1480,1480,1480,1480,1480,1480,1480,1480,1480,1480,1480,1480,1480,1480,1480,1480,1480,1480,1480,1480,1480,1480,1480,1480,1480,1480,1480,1480,1480,1480,1480,1480,1480,1480,1480,1480,1480,1480,1480,954,1480,1480,1480,1480,1480,1480,1480,1480,1480,1480,1480,606,1480,1480,1480,1480,1480,1480,1480,1480,1480,1480,1480,606,1480,1480,1480,1480,1480,1480,1480,1480,1480,1480,1480,1480,1480,1480,1480,1480,1480,1480,1480,1480,1480,1480,1172,1480,1480,1480,1480,1480,1480,1480,1480,1480,1480,1480,1480,1480,1480,1480,1480,1480,1480,1480,1480,1480,1480,1480,1480,1480,1480,1480,1480,1480,1480,1480,1480,1480,1480,1480,1480,1480,1480,1480,1480,1480,1480,1480,1480,1480,1480,1480,1480,1480,1480,1480,1480,1480,1480,1480,1480,1480,1480,1480,1480,1480,1480,1480,1480,1480,1480,1480,1480,1480,1480,1480,1480,1480,1480,1480,1480,1480,1480,1480,1480,1480,1480,1480,1480,1480,1480,1480,1480,1480,1480,1480,1480,1480,1480,1480,616,40
sc_bot_a_264,35.244.159.8,443,10.0.0.8,62349,TCP,1786360110.296941300,20,0.000000,0.006602,0.008104,0.008105,0.008106,0.008108,0.016025,0.016026,0.016027,0.026036,0.078133,0.078136,0.084092,0.084093,0.089200,0.089202,0.148145,0.154328,0.154328,31.532550,,52,40,40,1452,1452,1406,658,71,40,40,1452,569,40,40,40,40,1014,40,40,40
sc_bot_a_264,35.244.159.8,443,10.0.0.8,54197,UDP,1786360110.386142700,8,0.000000,0.000001,0.003147,0.003148,0.003148,0.011576,0.011576,0.037891,,68,1278,1278,1278,1058,613,149,52
sc_bot_a_264,2001:4860:4802:34::181,443,2a06:c701:7540:db00:fc7a:d02f:72a8:54d3,58415,UDP,1786360141.206172000,12,0.000000,0.000016,0.000018,0.000020,0.054822,0.054827,0.054829,0.054831,0.054834,0.062893,0.062895,0.098294,,88,1278,1278,1278,1278,1278,1278,519,90,1002,185,72
sc_bot_a_264,3.169.64.117,443,10.0.0.8,62351,TCP,1786360141.221289200,14,0.000000,0.010240,0.010242,0.010245,0.010246,0.010247,0.010248,0.018804,0.018805,0.018806,0.019562,0.068317,0.099214,0.106425,,52,40,1480,1480,1480,1480,191,40,219,40,40,40,1039,40
